# This data file gives the list of all the values of x and y that forms a proven palindrome prime of the below form, with x upto 10000. 
#
# Form : N(x,y)=10^x + 10^(x-y) + 12345678987654321*10^(x/2-8) + 10^y + 1 where x is an even number and 1 <= y <= x/2-9.
# Example, For x=40 and y = 3,  N(40,3)= 10^40 + 10^(37) + 12345678987654321*10^(12) + 10^3 + 1 = 10010000000012345678987654321000000001001, a palindrome prime.

# Palindrome primes belonging to this family have x+1 digits. 
# The central core is 12345678987654321 = 111111111^2
# The Palindrome prime numbers are of the form 
# 1<...y-1 zeros...>1<...((x-16)/2-y-1) zeros...> 12345678987654321<...((x-16)/2-y-1) zeros...>1<...y-1 zeros...>1
# Search was performed for members of this family, for values of x upto 10000 to find all admissible pairs of x and y. 
# A total of 3637 primes were found. Of these, 1204 are proven primes. The rest are probable primes.
# The 1204 members were proven with PFGW or by factoring N-1 directly. 
# Data below has the list of all x,y pairs to form all the primes. The proven prime details are in all_proven_2026_10_04_for_git.txt 
# There are two large palindrome primes discovered by Serge Batalov with x = 300010 and x = 490030. They are also terms of this family but beyond the searched range.
# Conjecture is that there are infinitely many primes in this family. 

# The list below has 5 columns - first row and explanations are below. 

# Column Header : x   y   digits  v   status
# 1st row :       40  3   41      3   proven

# Column # - Name      : Description
# ----------------------------------
# Column 1 - x          
# Column 2 - y
# Column 3 - digits    : x+1
# Column 4 - v         : Largest power of 10 dividing N-1, v = min(x, x-y, x/2-8, y)
# Column 5 - status    : proven - primality proven
#                        PRP    - base-3 Fermat probable prime
#x y digits v status
40 3 41 3 proven
44 5 45 5 proven
52 6 53 6 proven
62 10 63 10 proven
68 5 69 5 proven
68 14 69 14 PRP
76 15 77 15 proven
80 6 81 6 proven
80 13 81 13 PRP
80 23 81 23 proven
80 26 81 26 proven
82 7 83 7 proven
88 28 89 28 proven
90 3 91 3 PRP
92 16 93 16 PRP
94 27 95 27 proven
94 30 95 30 proven
100 7 101 7 PRP
100 37 101 37 proven
104 24 105 24 proven
106 28 107 28 proven
106 40 107 40 proven
112 10 113 10 PRP
122 32 123 32 proven
124 24 125 24 proven
126 23 127 23 PRP
126 25 127 25 proven
140 20 141 20 PRP
142 2 143 2 PRP
142 30 143 30 proven
146 51 147 51 proven
150 37 151 37 PRP
150 41 151 41 proven
158 48 159 48 proven
160 43 161 43 proven
164 14 165 14 proven
164 52 165 52 proven
172 7 173 7 proven
172 70 173 70 proven
174 52 175 52 proven
180 42 181 42 proven
182 26 183 26 PRP
184 55 185 55 proven
188 54 189 54 proven
190 67 191 67 proven
194 39 195 39 PRP
196 76 197 76 proven
196 78 197 78 proven
198 49 199 49 PRP
200 47 201 47 PRP
200 90 201 90 proven
210 4 211 4 PRP
210 58 211 58 PRP
214 84 215 84 proven
216 8 217 8 PRP
216 70 217 70 proven
220 45 221 45 proven
220 99 221 99 proven
222 95 223 95 proven
224 22 225 22 PRP
224 65 225 65 proven
226 40 227 40 PRP
232 6 233 6 PRP
232 61 233 61 PRP
234 77 235 77 proven
244 5 245 5 PRP
244 95 245 95 proven
256 65 257 65 PRP
258 25 259 25 PRP
260 89 261 89 proven
266 110 267 110 proven
270 13 271 13 PRP
272 76 273 76 proven
276 58 277 58 PRP
280 122 281 122 proven
286 76 287 76 proven
286 81 287 81 PRP
290 2 291 2 PRP
290 10 291 10 PRP
290 40 291 40 PRP
290 95 291 95 proven
292 72 293 72 PRP
302 86 303 86 PRP
304 90 305 90 PRP
306 91 307 91 PRP
308 4 309 4 PRP
308 9 309 9 PRP
308 54 309 54 PRP
310 97 311 97 PRP
314 114 315 114 proven
316 6 317 6 PRP
318 33 319 33 PRP
320 38 321 38 PRP
320 104 321 104 PRP
320 134 321 134 proven
322 152 323 152 proven
328 105 329 105 PRP
328 138 329 138 proven
334 32 335 32 PRP
336 20 337 20 PRP
336 48 337 48 PRP
340 58 341 58 PRP
342 91 343 91 PRP
346 108 347 108 PRP
350 28 351 28 PRP
364 129 365 129 proven
370 124 371 124 proven
374 99 375 99 PRP
376 80 377 80 PRP
378 40 379 40 PRP
380 53 381 53 PRP
380 73 381 73 PRP
388 55 389 55 PRP
388 59 389 59 PRP
388 90 389 90 PRP
390 82 391 82 PRP
396 126 397 126 PRP
398 8 399 8 PRP
398 108 399 108 PRP
400 18 401 18 PRP
404 105 405 105 PRP
406 175 407 175 proven
408 124 409 124 PRP
412 132 413 132 PRP
414 45 415 45 PRP
416 3 417 3 PRP
418 49 419 49 PRP
420 8 421 8 PRP
420 24 421 24 PRP
420 30 421 30 PRP
420 144 421 144 proven
422 147 423 147 proven
424 109 425 109 PRP
428 73 429 73 PRP
428 84 429 84 PRP
430 78 431 78 PRP
434 180 435 180 proven
436 111 437 111 PRP
436 133 437 133 PRP
438 178 439 178 proven
442 126 443 126 PRP
446 180 447 180 proven
452 166 453 166 proven
452 201 453 201 proven
460 33 461 33 PRP
460 38 461 38 PRP
474 2 475 2 PRP
474 74 475 74 PRP
476 13 477 13 PRP
476 80 477 80 PRP
476 166 477 166 proven
484 69 485 69 PRP
484 97 485 97 PRP
490 211 491 211 proven
494 77 495 77 PRP
496 48 497 48 PRP
498 130 499 130 PRP
500 77 501 77 PRP
502 147 503 147 PRP
508 53 509 53 PRP
508 228 509 228 proven
510 28 511 28 PRP
510 95 511 95 PRP
510 152 511 152 PRP
516 20 517 20 PRP
520 110 521 110 PRP
524 74 525 74 PRP
524 82 525 82 PRP
524 240 525 240 proven
526 165 527 165 PRP
526 253 527 253 proven
530 99 531 99 PRP
532 7 533 7 PRP
532 241 533 241 proven
534 85 535 85 PRP
544 20 545 20 PRP
546 25 547 25 PRP
550 210 551 210 proven
550 222 551 222 proven
552 16 553 16 PRP
556 100 557 100 PRP
560 117 561 117 PRP
560 252 561 252 proven
566 166 567 166 PRP
568 139 569 139 PRP
578 134 579 134 PRP
580 95 581 95 PRP
580 198 581 198 proven
580 246 581 246 proven
584 32 585 32 PRP
584 85 585 85 PRP
586 56 587 56 PRP
586 246 587 246 proven
590 81 591 81 PRP
590 226 591 226 proven
598 88 599 88 PRP
598 265 599 265 proven
600 198 601 198 PRP
602 107 603 107 PRP
606 245 607 245 proven
610 82 611 82 PRP
610 136 611 136 PRP
616 121 617 121 PRP
616 246 617 246 proven
618 145 619 145 PRP
620 104 621 104 PRP
620 122 621 122 PRP
620 140 621 140 PRP
628 179 629 179 PRP
634 90 635 90 PRP
634 134 635 134 PRP
634 284 635 284 proven
638 200 639 200 PRP
640 33 641 33 PRP
640 155 641 155 PRP
650 135 651 135 PRP
658 198 659 198 PRP
660 63 661 63 PRP
662 110 663 110 PRP
662 170 663 170 PRP
662 276 663 276 proven
666 3 667 3 PRP
666 181 667 181 PRP
676 268 677 268 proven
680 32 681 32 PRP
680 164 681 164 PRP
682 112 683 112 PRP
682 332 683 332 proven
684 182 685 182 PRP
688 109 689 109 PRP
700 31 701 31 PRP
700 224 701 224 PRP
700 273 701 273 proven
702 32 703 32 PRP
704 160 705 160 PRP
706 230 707 230 PRP
708 184 709 184 PRP
708 225 709 225 PRP
708 270 709 270 proven
710 329 711 329 proven
712 227 713 227 PRP
712 252 713 252 proven
716 343 717 343 proven
720 3 721 3 PRP
720 21 721 21 PRP
720 136 721 136 PRP
720 178 721 178 PRP
728 99 729 99 PRP
738 149 739 149 PRP
740 74 741 74 PRP
740 257 741 257 proven
742 145 743 145 PRP
744 22 745 22 PRP
746 35 747 35 PRP
748 100 749 100 PRP
748 308 749 308 proven
750 82 751 82 PRP
754 117 755 117 PRP
756 76 757 76 PRP
756 81 757 81 PRP
756 258 757 258 proven
764 67 765 67 PRP
770 327 771 327 proven
776 111 777 111 PRP
778 199 779 199 PRP
780 20 781 20 PRP
780 75 781 75 PRP
784 235 785 235 PRP
786 123 787 123 PRP
788 283 789 283 proven
790 176 791 176 PRP
790 196 791 196 PRP
792 290 793 290 proven
798 328 799 328 proven
800 13 801 13 PRP
804 192 805 192 PRP
810 230 811 230 PRP
818 144 819 144 PRP
820 19 821 19 PRP
820 236 821 236 PRP
834 20 835 20 PRP
836 21 837 21 PRP
836 301 837 301 proven
840 111 841 111 PRP
840 384 841 384 proven
844 130 845 130 PRP
844 219 845 219 PRP
850 158 851 158 PRP
850 224 851 224 PRP
850 343 851 343 proven
856 248 857 248 PRP
860 253 861 253 PRP
870 268 871 268 PRP
872 80 873 80 PRP
872 120 873 120 PRP
872 310 873 310 proven
878 59 879 59 PRP
880 332 881 332 proven
888 378 889 378 proven
890 215 891 215 PRP
890 302 891 302 proven
890 374 891 374 proven
892 22 893 22 PRP
898 333 899 333 proven
902 200 903 200 PRP
910 32 911 32 PRP
912 406 913 406 proven
916 10 917 10 PRP
916 418 917 418 proven
918 19 919 19 PRP
920 138 921 138 PRP
920 381 921 381 proven
922 150 923 150 PRP
926 113 927 113 PRP
930 305 931 305 PRP
940 253 941 253 PRP
940 329 941 329 proven
940 349 941 349 proven
944 309 945 309 PRP
944 449 945 449 proven
946 325 947 325 proven
950 170 951 170 PRP
950 249 951 249 PRP
950 263 951 263 PRP
950 290 951 290 PRP
952 141 953 141 PRP
952 312 953 312 PRP
954 422 955 422 proven
956 58 957 58 PRP
956 75 957 75 PRP
960 448 961 448 proven
960 454 961 454 proven
964 415 965 415 proven
966 86 967 86 PRP
972 40 973 40 PRP
972 70 973 70 PRP
976 15 977 15 PRP
976 405 977 405 proven
980 276 981 276 PRP
980 290 981 290 PRP
980 361 981 361 proven
980 406 981 406 proven
982 472 983 472 proven
984 200 985 200 PRP
994 9 995 9 PRP
994 465 995 465 proven
998 443 999 443 proven
1002 227 1003 227 PRP
1004 15 1005 15 PRP
1004 69 1005 69 PRP
1010 36 1011 36 PRP
1010 332 1011 332 PRP
1012 240 1013 240 PRP
1012 415 1013 415 proven
1026 451 1027 451 proven
1030 230 1031 230 PRP
1030 306 1031 306 PRP
1034 27 1035 27 PRP
1034 279 1035 279 PRP
1040 181 1041 181 PRP
1050 496 1051 496 proven
1052 121 1053 121 PRP
1056 460 1057 460 proven
1058 114 1059 114 PRP
1060 35 1061 35 PRP
1060 283 1061 283 PRP
1064 477 1065 477 proven
1066 240 1067 240 PRP
1068 213 1069 213 PRP
1070 302 1071 302 PRP
1070 375 1071 375 proven
1074 207 1075 207 PRP
1076 91 1077 91 PRP
1076 188 1077 188 PRP
1080 21 1081 21 PRP
1080 483 1081 483 proven
1082 221 1083 221 PRP
1084 219 1085 219 PRP
1088 103 1089 103 PRP
1090 21 1091 21 PRP
1090 196 1091 196 PRP
1090 439 1091 439 proven
1092 90 1093 90 PRP
1092 136 1093 136 PRP
1094 254 1095 254 PRP
1094 467 1095 467 proven
1100 181 1101 181 PRP
1100 436 1101 436 proven
1102 220 1103 220 PRP
1104 454 1105 454 proven
1106 40 1107 40 PRP
1106 533 1107 533 proven
1126 388 1127 388 proven
1128 550 1129 550 proven
1130 531 1131 531 proven
1134 155 1135 155 PRP
1134 319 1135 319 PRP
1134 547 1135 547 proven
1140 350 1141 350 PRP
1144 429 1145 429 proven
1146 181 1147 181 PRP
1148 188 1149 188 PRP
1150 142 1151 142 PRP
1154 30 1155 30 PRP
1154 509 1155 509 proven
1156 168 1157 168 PRP
1156 265 1157 265 PRP
1156 513 1157 513 proven
1160 182 1161 182 PRP
1162 12 1163 12 PRP
1162 16 1163 16 PRP
1162 415 1163 415 proven
1164 230 1165 230 PRP
1164 362 1165 362 PRP
1172 286 1173 286 PRP
1174 80 1175 80 PRP
1174 284 1175 284 PRP
1180 156 1181 156 PRP
1180 572 1181 572 proven
1182 425 1183 425 proven
1188 525 1189 525 proven
1190 123 1191 123 PRP
1192 117 1193 117 PRP
1194 34 1195 34 PRP
1194 172 1195 172 PRP
1196 31 1197 31 PRP
1196 111 1197 111 PRP
1196 331 1197 331 PRP
1196 456 1197 456 proven
1200 232 1201 232 PRP
1200 488 1201 488 proven
1202 176 1203 176 PRP
1204 17 1205 17 PRP
1206 460 1207 460 proven
1210 298 1211 298 PRP
1212 336 1213 336 PRP
1214 425 1215 425 proven
1216 301 1217 301 PRP
1218 104 1219 104 PRP
1220 207 1221 207 PRP
1228 349 1229 349 PRP
1230 181 1231 181 PRP
1232 247 1233 247 PRP
1234 342 1235 342 PRP
1234 487 1235 487 proven
1236 360 1237 360 PRP
1240 93 1241 93 PRP
1240 337 1241 337 PRP
1246 126 1247 126 PRP
1246 145 1247 145 PRP
1248 250 1249 250 PRP
1248 264 1249 264 PRP
1250 190 1251 190 PRP
1250 342 1251 342 PRP
1254 334 1255 334 PRP
1256 50 1257 50 PRP
1258 450 1259 450 proven
1260 206 1261 206 PRP
1264 114 1265 114 PRP
1264 155 1265 155 PRP
1264 252 1265 252 PRP
1264 577 1265 577 proven
1266 361 1267 361 PRP
1268 240 1269 240 PRP
1268 579 1269 579 proven
1270 175 1271 175 PRP
1276 10 1277 10 PRP
1276 543 1277 543 proven
1280 604 1281 604 proven
1288 329 1289 329 PRP
1292 117 1293 117 PRP
1296 75 1297 75 PRP
1298 260 1299 260 PRP
1302 457 1303 457 proven
1304 244 1305 244 PRP
1308 45 1309 45 PRP
1310 550 1311 550 proven
1310 576 1311 576 proven
1314 359 1315 359 PRP
1314 569 1315 569 proven
1316 135 1317 135 PRP
1316 500 1317 500 proven
1322 341 1323 341 PRP
1322 471 1323 471 proven
1324 160 1325 160 PRP
1326 333 1327 333 PRP
1328 444 1329 444 proven
1330 85 1331 85 PRP
1330 404 1331 404 PRP
1330 414 1331 414 PRP
1332 141 1333 141 PRP
1332 531 1333 531 proven
1332 630 1333 630 proven
1334 459 1335 459 proven
1334 634 1335 634 proven
1336 231 1337 231 PRP
1344 240 1345 240 PRP
1346 218 1347 218 PRP
1348 48 1349 48 PRP
1352 381 1353 381 PRP
1354 217 1355 217 PRP
1354 627 1355 627 proven
1356 648 1357 648 proven
1358 490 1359 490 proven
1360 617 1361 617 proven
1364 600 1365 600 proven
1370 28 1371 28 PRP
1370 540 1371 540 proven
1372 247 1373 247 PRP
1372 646 1373 646 proven
1378 638 1379 638 proven
1378 645 1379 645 proven
1386 386 1387 386 PRP
1388 495 1389 495 proven
1392 420 1393 420 PRP
1400 578 1401 578 proven
1406 108 1407 108 PRP
1406 251 1407 251 PRP
1410 95 1411 95 PRP
1414 522 1415 522 proven
1420 655 1421 655 proven
1422 667 1423 667 proven
1428 530 1429 530 proven
1430 399 1431 399 PRP
1430 500 1431 500 proven
1430 554 1431 554 proven
1430 605 1431 605 proven
1432 626 1433 626 proven
1436 593 1437 593 proven
1438 129 1439 129 PRP
1438 498 1439 498 proven
1444 699 1445 699 proven
1446 370 1447 370 PRP
1454 134 1455 134 PRP
1456 70 1457 70 PRP
1456 106 1457 106 PRP
1456 110 1457 110 PRP
1456 235 1457 235 PRP
1456 323 1457 323 PRP
1456 370 1457 370 PRP
1460 482 1461 482 PRP
1466 508 1467 508 proven
1468 424 1469 424 PRP
1474 170 1475 170 PRP
1474 522 1475 522 proven
1480 159 1481 159 PRP
1482 131 1483 131 PRP
1484 410 1485 410 PRP
1486 268 1487 268 PRP
1492 140 1493 140 PRP
1492 282 1493 282 PRP
1494 725 1495 725 proven
1498 234 1499 234 PRP
1500 33 1501 33 PRP
1500 288 1501 288 PRP
1500 582 1501 582 proven
1500 598 1501 598 proven
1500 741 1501 741 proven
1508 229 1509 229 PRP
1510 258 1511 258 PRP
1510 296 1511 296 PRP
1516 663 1517 663 proven
1520 216 1521 216 PRP
1520 486 1521 486 PRP
1520 515 1521 515 proven
1522 187 1523 187 PRP
1524 470 1525 470 PRP
1526 138 1527 138 PRP
1528 274 1529 274 PRP
1532 131 1533 131 PRP
1546 618 1547 618 proven
1548 64 1549 64 PRP
1548 645 1549 645 proven
1550 453 1551 453 PRP
1558 565 1559 565 proven
1564 405 1565 405 PRP
1564 764 1565 764 proven
1566 113 1567 113 PRP
1568 500 1569 500 PRP
1576 626 1577 626 proven
1578 163 1579 163 PRP
1580 29 1581 29 PRP
1586 310 1587 310 PRP
1586 780 1587 780 proven
1588 299 1589 299 PRP
1590 16 1591 16 PRP
1594 139 1595 139 PRP
1594 717 1595 717 proven
1596 308 1597 308 PRP
1596 376 1597 376 PRP
1600 251 1601 251 PRP
1600 467 1601 467 PRP
1602 521 1603 521 PRP
1604 20 1605 20 PRP
1606 33 1607 33 PRP
1606 500 1607 500 PRP
1610 669 1611 669 proven
1610 694 1611 694 proven
1618 639 1619 639 proven
1624 349 1625 349 PRP
1632 520 1633 520 PRP
1632 682 1633 682 proven
1636 220 1637 220 PRP
1636 688 1637 688 proven
1636 791 1637 791 proven
1642 786 1643 786 proven
1646 356 1647 356 PRP
1648 203 1649 203 PRP
1650 231 1651 231 PRP
1652 450 1653 450 PRP
1654 267 1655 267 PRP
1654 594 1655 594 proven
1662 685 1663 685 proven
1664 177 1665 177 PRP
1666 476 1667 476 PRP
1670 341 1671 341 PRP
1670 546 1671 546 PRP
1670 662 1671 662 proven
1672 260 1673 260 PRP
1674 535 1675 535 PRP
1674 572 1675 572 proven
1678 109 1679 109 PRP
1680 117 1681 117 PRP
1680 232 1681 232 PRP
1680 530 1681 530 PRP
1680 616 1681 616 proven
1682 610 1683 610 proven
1688 615 1689 615 proven
1692 81 1693 81 PRP
1692 242 1693 242 PRP
1694 180 1695 180 PRP
1694 704 1695 704 proven
1700 78 1701 78 PRP
1700 678 1701 678 proven
1704 360 1705 360 PRP
1706 111 1707 111 PRP
1706 450 1707 450 PRP
1710 327 1711 327 PRP
1710 406 1711 406 PRP
1712 780 1713 780 proven
1714 7 1715 7 PRP
1714 67 1715 67 PRP
1714 549 1715 549 PRP
1718 803 1719 803 proven
1724 387 1725 387 PRP
1728 200 1729 200 PRP
1732 201 1733 201 PRP
1740 536 1741 536 PRP
1742 192 1743 192 PRP
1744 324 1745 324 PRP
1744 420 1745 420 PRP
1744 672 1745 672 proven
1746 503 1747 503 PRP
1750 102 1751 102 PRP
1750 829 1751 829 proven
1752 42 1753 42 PRP
1752 657 1753 657 proven
1756 136 1757 136 PRP
1762 117 1763 117 PRP
1764 202 1765 202 PRP
1766 693 1767 693 proven
1770 5 1771 5 PRP
1770 87 1771 87 PRP
1770 520 1771 520 PRP
1770 543 1771 543 PRP
1772 281 1773 281 PRP
1774 52 1775 52 PRP
1774 764 1775 764 proven
1782 136 1783 136 PRP
1782 457 1783 457 PRP
1784 244 1785 244 PRP
1786 565 1787 565 PRP
1792 835 1793 835 proven
1794 620 1795 620 proven
1796 548 1797 548 PRP
1798 193 1799 193 PRP
1798 835 1799 835 proven
1802 131 1803 131 PRP
1804 259 1805 259 PRP
1806 166 1807 166 PRP
1806 881 1807 881 proven
1808 220 1809 220 PRP
1820 740 1821 740 proven
1830 38 1831 38 PRP
1832 170 1833 170 PRP
1832 246 1833 246 PRP
1842 507 1843 507 PRP
1844 575 1845 575 PRP
1844 847 1845 847 proven
1846 615 1847 615 PRP
1850 143 1851 143 PRP
1856 38 1857 38 PRP
1856 273 1857 273 PRP
1856 405 1857 405 PRP
1860 382 1861 382 PRP
1864 612 1865 612 PRP
1866 310 1867 310 PRP
1868 375 1869 375 PRP
1874 254 1875 254 PRP
1878 185 1879 185 PRP
1880 5 1881 5 PRP
1882 325 1883 325 PRP
1890 97 1891 97 PRP
1898 120 1899 120 PRP
1900 925 1901 925 proven
1910 147 1911 147 PRP
1912 91 1913 91 PRP
1912 197 1913 197 PRP
1916 610 1917 610 PRP
1916 753 1917 753 proven
1918 284 1919 284 PRP
1920 214 1921 214 PRP
1920 759 1921 759 proven
1924 314 1925 314 PRP
1924 505 1925 505 PRP
1924 575 1925 575 PRP
1932 416 1933 416 PRP
1936 905 1937 905 proven
1940 774 1941 774 proven
1944 382 1945 382 PRP
1946 890 1947 890 proven
1952 501 1953 501 PRP
1954 355 1955 355 PRP
1964 80 1965 80 PRP
1964 684 1965 684 proven
1964 814 1965 814 proven
1964 879 1965 879 proven
1964 912 1965 912 proven
1966 271 1967 271 PRP
1966 680 1967 680 proven
1968 34 1969 34 PRP
1968 260 1969 260 PRP
1976 151 1977 151 PRP
1978 133 1979 133 PRP
1978 859 1979 859 proven
1980 320 1981 320 PRP
1980 598 1981 598 PRP
1988 134 1989 134 PRP
1990 529 1991 529 PRP
1998 220 1999 220 PRP
1998 493 1999 493 PRP
2000 228 2001 228 PRP
2000 357 2001 357 PRP
2000 384 2001 384 PRP
2000 455 2001 455 PRP
2000 842 2001 842 proven
2004 780 2005 780 proven
2008 293 2009 293 PRP
2008 760 2009 760 proven
2016 28 2017 28 PRP
2016 645 2017 645 PRP
2020 648 2021 648 PRP
2024 942 2025 942 proven
2026 186 2027 186 PRP
2040 528 2041 528 PRP
2042 950 2043 950 proven
2044 557 2045 557 PRP
2044 962 2045 962 proven
2044 985 2045 985 proven
2050 480 2051 480 PRP
2060 320 2061 320 PRP
2060 539 2061 539 PRP
2060 778 2061 778 proven
2066 76 2067 76 PRP
2066 116 2067 116 PRP
2066 546 2067 546 PRP
2072 466 2073 466 PRP
2076 543 2077 543 PRP
2082 536 2083 536 PRP
2082 1007 2083 1007 proven
2088 334 2089 334 PRP
2092 507 2093 507 PRP
2094 575 2095 575 PRP
2094 700 2095 700 proven
2096 541 2097 541 PRP
2098 754 2099 754 proven
2110 968 2111 968 proven
2110 969 2111 969 proven
2116 143 2117 143 PRP
2116 410 2117 410 PRP
2120 284 2121 284 PRP
2120 483 2121 483 PRP
2122 997 2123 997 proven
2128 929 2129 929 proven
2130 345 2131 345 PRP
2134 417 2135 417 PRP
2140 498 2141 498 PRP
2144 957 2145 957 proven
2146 510 2147 510 PRP
2146 556 2147 556 PRP
2150 363 2151 363 PRP
2150 948 2151 948 proven
2150 1030 2151 1030 proven
2156 90 2157 90 PRP
2156 880 2157 880 proven
2160 98 2161 98 PRP
2168 769 2169 769 proven
2168 990 2169 990 proven
2170 331 2171 331 PRP
2170 708 2171 708 PRP
2170 808 2171 808 proven
2172 322 2173 322 PRP
2176 516 2177 516 PRP
2176 976 2177 976 proven
2182 492 2183 492 PRP
2184 794 2185 794 proven
2186 161 2187 161 PRP
2200 917 2201 917 proven
2202 927 2203 927 proven
2206 218 2207 218 PRP
2206 390 2207 390 PRP
2210 213 2211 213 PRP
2210 698 2211 698 PRP
2212 621 2213 621 PRP
2214 365 2215 365 PRP
2216 78 2217 78 PRP
2222 345 2223 345 PRP
2228 229 2229 229 PRP
2228 265 2229 265 PRP
2228 900 2229 900 proven
2230 703 2231 703 PRP
2232 1010 2233 1010 proven
2234 262 2235 262 PRP
2238 584 2239 584 PRP
2240 384 2241 384 PRP
2240 710 2241 710 PRP
2250 333 2251 333 PRP
2254 427 2255 427 PRP
2254 625 2255 625 PRP
2258 364 2259 364 PRP
2258 503 2259 503 PRP
2260 465 2261 465 PRP
2260 871 2261 871 proven
2262 622 2263 622 PRP
2264 435 2265 435 PRP
2270 765 2271 765 proven
2272 271 2273 271 PRP
2272 496 2273 496 PRP
2278 68 2279 68 PRP
2278 558 2279 558 PRP
2280 600 2281 600 PRP
2282 210 2283 210 PRP
2286 561 2287 561 PRP
2290 327 2291 327 PRP
2290 1089 2291 1089 proven
2306 353 2307 353 PRP
2306 666 2307 666 PRP
2310 35 2311 35 PRP
2312 716 2313 716 PRP
2316 471 2317 471 PRP
2320 825 2321 825 proven
2322 771 2323 771 PRP
2322 932 2323 932 proven
2324 1104 2325 1104 proven
2328 120 2329 120 PRP
2332 440 2333 440 PRP
2338 874 2339 874 proven
2338 968 2339 968 proven
2340 1149 2341 1149 proven
2348 89 2349 89 PRP
2350 870 2351 870 proven
2350 981 2351 981 proven
2352 957 2353 957 proven
2356 256 2357 256 PRP
2358 95 2359 95 PRP
2360 197 2361 197 PRP
2360 940 2361 940 proven
2362 621 2363 621 PRP
2364 1110 2365 1110 proven
2366 48 2367 48 PRP
2368 629 2369 629 PRP
2378 628 2379 628 PRP
2380 666 2381 666 PRP
2384 67 2385 67 PRP
2390 563 2391 563 PRP
2390 813 2391 813 proven
2396 768 2397 768 PRP
2400 956 2401 956 proven
2402 201 2403 201 PRP
2408 240 2409 240 PRP
2408 890 2409 890 proven
2418 370 2419 370 PRP
2420 1037 2421 1037 proven
2424 375 2425 375 PRP
2426 588 2427 588 PRP
2428 465 2429 465 PRP
2438 993 2439 993 proven
2440 808 2441 808 PRP
2444 714 2445 714 PRP
2446 918 2447 918 proven
2446 925 2447 925 proven
2450 1042 2451 1042 proven
2452 717 2453 717 PRP
2454 980 2455 980 proven
2460 320 2461 320 PRP
2462 215 2463 215 PRP
2462 1091 2463 1091 proven
2468 1014 2469 1014 proven
2470 136 2471 136 PRP
2474 197 2475 197 PRP
2480 895 2481 895 proven
2484 954 2485 954 proven
2486 706 2487 706 PRP
2494 135 2495 135 PRP
2494 495 2495 495 PRP
2496 213 2497 213 PRP
2498 15 2499 15 PRP
2498 1064 2499 1064 proven
2500 775 2501 775 PRP
2504 132 2505 132 PRP
2506 775 2507 775 PRP
2530 739 2531 739 PRP
2530 915 2531 915 proven
2532 1096 2533 1096 proven
2534 354 2535 354 PRP
2536 828 2537 828 PRP
2540 866 2541 866 proven
2540 900 2541 900 proven
2552 556 2553 556 PRP
2554 115 2555 115 PRP
2558 294 2559 294 PRP
2560 443 2561 443 PRP
2560 1171 2561 1171 proven
2562 347 2563 347 PRP
2566 38 2567 38 PRP
2570 980 2571 980 proven
2572 271 2573 271 PRP
2572 516 2573 516 PRP
2574 1029 2575 1029 proven
2582 1052 2583 1052 proven
2584 32 2585 32 PRP
2598 944 2599 944 proven
2610 791 2611 791 PRP
2612 567 2613 567 PRP
2620 15 2621 15 PRP
2622 76 2623 76 PRP
2626 980 2627 980 proven
2630 822 2631 822 PRP
2630 1200 2631 1200 proven
2632 30 2633 30 PRP
2634 619 2635 619 PRP
2636 196 2637 196 PRP
2636 1205 2637 1205 proven
2652 627 2653 627 PRP
2656 358 2657 358 PRP
2660 618 2661 618 PRP
2660 638 2661 638 PRP
2666 978 2667 978 proven
2670 581 2671 581 PRP
2670 950 2671 950 proven
2672 1242 2673 1242 proven
2674 399 2675 399 PRP
2678 645 2679 645 PRP
2680 1032 2681 1032 proven
2684 407 2685 407 PRP
2684 735 2685 735 PRP
2684 852 2685 852 PRP
2690 622 2691 622 PRP
2692 752 2693 752 PRP
2698 394 2699 394 PRP
2702 366 2703 366 PRP
2704 24 2705 24 PRP
2710 396 2711 396 PRP
2710 517 2711 517 PRP
2714 90 2715 90 PRP
2714 994 2715 994 proven
2716 1208 2717 1208 proven
2718 958 2719 958 proven
2718 1333 2719 1333 proven
2720 36 2721 36 PRP
2720 119 2721 119 PRP
2720 1127 2721 1127 proven
2726 1193 2727 1193 proven
2728 340 2729 340 PRP
2730 523 2731 523 PRP
2738 1254 2739 1254 proven
2740 538 2741 538 PRP
2744 930 2745 930 proven
2748 284 2749 284 PRP
2754 410 2755 410 PRP
2756 201 2757 201 PRP
2762 422 2763 422 PRP
2762 1230 2763 1230 proven
2766 355 2767 355 PRP
2770 87 2771 87 PRP
2770 511 2771 511 PRP
2772 892 2773 892 PRP
2776 1171 2777 1171 proven
2780 53 2781 53 PRP
2780 586 2781 586 PRP
2780 795 2781 795 PRP
2782 1366 2783 1366 proven
2784 984 2785 984 proven
2786 1378 2787 1378 proven
2788 89 2789 89 PRP
2792 1116 2793 1116 proven
2792 1286 2793 1286 proven
2800 318 2801 318 PRP
2800 533 2801 533 PRP
2800 639 2801 639 PRP
2800 654 2801 654 PRP
2800 1062 2801 1062 proven
2800 1319 2801 1319 proven
2802 442 2803 442 PRP
2810 222 2811 222 PRP
2810 758 2811 758 PRP
2810 892 2811 892 PRP
2812 557 2813 557 PRP
2814 309 2815 309 PRP
2820 268 2821 268 PRP
2822 910 2823 910 PRP
2828 894 2829 894 PRP
2830 4 2831 4 PRP
2830 921 2831 921 PRP
2834 549 2835 549 PRP
2834 1084 2835 1084 proven
2836 613 2837 613 PRP
2838 1148 2839 1148 proven
2840 650 2841 650 PRP
2844 294 2845 294 PRP
2846 323 2847 323 PRP
2846 693 2847 693 PRP
2848 1389 2849 1389 proven
2850 496 2851 496 PRP
2852 665 2853 665 PRP
2860 26 2861 26 PRP
2864 614 2865 614 PRP
2866 1261 2867 1261 proven
2868 1230 2869 1230 proven
2870 870 2871 870 PRP
2872 55 2873 55 PRP
2872 1012 2873 1012 proven
2872 1356 2873 1356 proven
2880 1232 2881 1232 proven
2880 1322 2881 1322 proven
2880 1344 2881 1344 proven
2882 275 2883 275 PRP
2884 1260 2885 1260 proven
2888 1154 2889 1154 proven
2890 1328 2891 1328 proven
2894 112 2895 112 PRP
2894 789 2895 789 PRP
2904 324 2905 324 PRP
2904 549 2905 549 PRP
2908 1410 2909 1410 proven
2910 106 2911 106 PRP
2910 478 2911 478 PRP
2910 1439 2911 1439 proven
2912 1286 2913 1286 proven
2914 1152 2915 1152 proven
2920 717 2921 717 PRP
2920 987 2921 987 proven
2922 1205 2923 1205 proven
2928 320 2929 320 PRP
2934 609 2935 609 PRP
2936 940 2937 940 PRP
2938 1045 2939 1045 proven
2952 1232 2953 1232 proven
2954 395 2955 395 PRP
2960 240 2961 240 PRP
2960 290 2961 290 PRP
2960 734 2961 734 PRP
2962 296 2963 296 PRP
2962 572 2963 572 PRP
2970 1148 2971 1148 proven
2972 492 2973 492 PRP
2974 474 2975 474 PRP
2976 776 2977 776 PRP
2982 562 2983 562 PRP
2986 6 2987 6 PRP
2986 488 2987 488 PRP
2986 531 2987 531 PRP
2990 357 2991 357 PRP
2994 250 2995 250 PRP
2994 1114 2995 1114 proven
3002 635 3003 635 PRP
3002 652 3003 652 PRP
3006 545 3007 545 PRP
3008 783 3009 783 PRP
3010 939 3011 939 PRP
3014 1032 3015 1032 proven
3016 731 3017 731 PRP
3016 911 3017 911 PRP
3022 206 3023 206 PRP
3022 276 3023 276 PRP
3028 79 3029 79 PRP
3028 139 3029 139 PRP
3032 1205 3033 1205 proven
3034 387 3035 387 PRP
3034 517 3035 517 PRP
3038 1200 3039 1200 proven
3040 585 3041 585 PRP
3042 1480 3043 1480 proven
3044 1319 3045 1319 proven
3046 1096 3047 1096 proven
3050 719 3051 719 PRP
3050 766 3051 766 PRP
3054 629 3055 629 PRP
3054 772 3055 772 PRP
3056 363 3057 363 PRP
3056 693 3057 693 PRP
3056 1350 3057 1350 proven
3058 315 3059 315 PRP
3060 400 3061 400 PRP
3060 1158 3061 1158 proven
3066 20 3067 20 PRP
3068 1413 3069 1413 proven
3070 753 3071 753 PRP
3080 173 3081 173 PRP
3080 340 3081 340 PRP
3080 398 3081 398 PRP
3080 868 3081 868 PRP
3088 19 3089 19 PRP
3088 513 3089 513 PRP
3090 119 3091 119 PRP
3090 1349 3091 1349 proven
3098 3 3099 3 PRP
3102 921 3103 921 PRP
3102 1276 3103 1276 proven
3110 1118 3111 1118 proven
3114 295 3115 295 PRP
3116 1283 3117 1283 proven
3116 1521 3117 1521 proven
3118 70 3119 70 PRP
3122 696 3123 696 PRP
3124 137 3125 137 PRP
3124 424 3125 424 PRP
3124 542 3125 542 PRP
3124 1529 3125 1529 proven
3126 1425 3127 1425 proven
3130 398 3131 398 PRP
3130 531 3131 531 PRP
3134 1539 3135 1539 proven
3136 71 3137 71 PRP
3138 404 3139 404 PRP
3140 556 3141 556 PRP
3140 877 3141 877 PRP
3140 1382 3141 1382 proven
3142 330 3143 330 PRP
3148 765 3149 765 PRP
3150 669 3151 669 PRP
3152 1185 3153 1185 proven
3156 786 3157 786 PRP
3162 255 3163 255 PRP
3164 1499 3165 1499 proven
3166 1418 3167 1418 proven
3178 374 3179 374 PRP
3180 892 3181 892 PRP
3182 402 3183 402 PRP
3182 1252 3183 1252 proven
3186 373 3187 373 PRP
3188 284 3189 284 PRP
3190 277 3191 277 PRP
3190 685 3191 685 PRP
3192 340 3193 340 PRP
3194 1232 3195 1232 proven
3196 791 3197 791 PRP
3202 657 3203 657 PRP
3202 1011 3203 1011 PRP
3204 804 3205 804 PRP
3206 928 3207 928 PRP
3210 292 3211 292 PRP
3210 952 3211 952 PRP
3212 206 3213 206 PRP
3212 635 3213 635 PRP
3214 1299 3215 1299 proven
3218 1128 3219 1128 proven
3220 1312 3221 1312 proven
3224 1282 3225 1282 proven
3226 1101 3227 1101 proven
3228 664 3229 664 PRP
3230 696 3231 696 PRP
3230 750 3231 750 PRP
3238 853 3239 853 PRP
3238 1250 3239 1250 proven
3240 170 3241 170 PRP
3240 1515 3241 1515 proven
3242 851 3243 851 PRP
3246 161 3247 161 PRP
3250 92 3251 92 PRP
3252 412 3253 412 PRP
3252 716 3253 716 PRP
3254 14 3255 14 PRP
3254 234 3255 234 PRP
3254 335 3255 335 PRP
3260 530 3261 530 PRP
3260 790 3261 790 PRP
3260 1462 3261 1462 proven
3268 15 3269 15 PRP
3268 468 3269 468 PRP
3268 1094 3269 1094 proven
3272 15 3273 15 PRP
3274 1522 3275 1522 proven
3278 405 3279 405 PRP
3286 195 3287 195 PRP
3286 513 3287 513 PRP
3286 1246 3287 1246 proven
3290 102 3291 102 PRP
3290 1300 3291 1300 proven
3298 948 3299 948 PRP
3304 850 3305 850 PRP
3310 1153 3311 1153 proven
3312 110 3313 110 PRP
3314 1590 3315 1590 proven
3320 347 3321 347 PRP
3320 514 3321 514 PRP
3322 1251 3323 1251 proven
3326 815 3327 815 PRP
3330 310 3331 310 PRP
3330 958 3331 958 PRP
3330 1327 3331 1327 proven
3330 1378 3331 1378 proven
3332 390 3333 390 PRP
3332 1601 3333 1601 proven
3334 817 3335 817 PRP
3334 1170 3335 1170 proven
3336 1438 3337 1438 proven
3338 935 3339 935 PRP
3340 26 3341 26 PRP
3340 175 3341 175 PRP
3342 1127 3343 1127 proven
3344 247 3345 247 PRP
3346 1160 3347 1160 proven
3348 858 3349 858 PRP
3350 782 3351 782 PRP
3350 824 3351 824 PRP
3352 1122 3353 1122 proven
3352 1626 3353 1626 proven
3354 242 3355 242 PRP
3356 808 3357 808 PRP
3356 1106 3357 1106 PRP
3362 12 3363 12 PRP
3362 177 3363 177 PRP
3362 1467 3363 1467 proven
3368 344 3369 344 PRP
3370 250 3371 250 PRP
3370 273 3371 273 PRP
3370 349 3371 349 PRP
3374 455 3375 455 PRP
3380 194 3381 194 PRP
3380 372 3381 372 PRP
3380 1166 3381 1166 proven
3380 1242 3381 1242 proven
3382 705 3383 705 PRP
3382 1256 3383 1256 proven
3388 538 3389 538 PRP
3390 1022 3391 1022 PRP
3400 1004 3401 1004 PRP
3400 1328 3401 1328 proven
3402 451 3403 451 PRP
3402 701 3403 701 PRP
3402 1671 3403 1671 proven
3408 40 3409 40 PRP
3410 275 3411 275 PRP
3410 1073 3411 1073 PRP
3410 1619 3411 1619 proven
3410 1678 3411 1678 proven
3412 542 3413 542 PRP
3412 1302 3413 1302 proven
3412 1495 3413 1495 proven
3414 880 3415 880 PRP
3416 440 3417 440 PRP
3420 704 3421 704 PRP
3422 130 3423 130 PRP
3422 572 3423 572 PRP
3422 1290 3423 1290 proven
3424 447 3425 447 PRP
3424 822 3425 822 PRP
3430 546 3431 546 PRP
3440 472 3441 472 PRP
3440 842 3441 842 PRP
3440 1365 3441 1365 proven
3442 1336 3443 1336 proven
3446 1076 3447 1076 PRP
3450 189 3451 189 PRP
3450 837 3451 837 PRP
3464 1024 3465 1024 PRP
3464 1375 3465 1375 proven
3468 824 3469 824 PRP
3470 657 3471 657 PRP
3472 956 3473 956 PRP
3472 1071 3473 1071 PRP
3472 1166 3473 1166 proven
3474 615 3475 615 PRP
3474 1117 3475 1117 PRP
3488 1484 3489 1484 proven
3488 1493 3489 1493 proven
3490 1668 3491 1668 proven
3494 1194 3495 1194 proven
3494 1234 3495 1234 proven
3498 1688 3499 1688 proven
3500 552 3501 552 PRP
3500 1266 3501 1266 proven
3500 1574 3501 1574 proven
3502 207 3503 207 PRP
3502 1210 3503 1210 proven
3502 1647 3503 1647 proven
3506 1071 3507 1071 PRP
3510 581 3511 581 PRP
3514 640 3515 640 PRP
3516 1005 3517 1005 PRP
3526 28 3527 28 PRP
3526 1566 3527 1566 proven
3528 368 3529 368 PRP
3532 1565 3533 1565 proven
3536 196 3537 196 PRP
3538 1665 3539 1665 proven
3550 753 3551 753 PRP
3550 1129 3551 1129 PRP
3550 1382 3551 1382 proven
3554 124 3555 124 PRP
3554 939 3555 939 PRP
3558 1579 3559 1579 proven
3560 216 3561 216 PRP
3560 434 3561 434 PRP
3560 1042 3561 1042 PRP
3562 766 3563 766 PRP
3562 837 3563 837 PRP
3566 1043 3567 1043 PRP
3568 649 3569 649 PRP
3578 789 3579 789 PRP
3580 105 3581 105 PRP
3580 640 3581 640 PRP
3580 902 3581 902 PRP
3584 852 3585 852 PRP
3586 1080 3587 1080 PRP
3586 1555 3587 1555 proven
3588 1773 3589 1773 proven
3594 1310 3595 1310 proven
3596 695 3597 695 PRP
3596 1241 3597 1241 proven
3600 970 3601 970 PRP
3602 1090 3603 1090 PRP
3604 537 3605 537 PRP
3612 1562 3613 1562 proven
3620 1012 3621 1012 PRP
3626 1286 3627 1286 proven
3628 570 3629 570 PRP
3630 711 3631 711 PRP
3630 754 3631 754 PRP
3632 570 3633 570 PRP
3632 1230 3633 1230 proven
3636 650 3637 650 PRP
3636 1671 3637 1671 proven
3640 84 3641 84 PRP
3644 1412 3645 1412 proven
3648 1158 3649 1158 PRP
3650 47 3651 47 PRP
3650 756 3651 756 PRP
3656 1660 3657 1660 proven
3658 824 3659 824 PRP
3664 1435 3665 1435 proven
3668 23 3669 23 PRP
3672 1616 3673 1616 proven
3680 787 3681 787 PRP
3680 1178 3681 1178 PRP
3686 706 3687 706 PRP
3686 1131 3687 1131 PRP
3688 1669 3689 1669 proven
3690 955 3691 955 PRP
3692 917 3693 917 PRP
3698 34 3699 34 PRP
3700 1152 3701 1152 PRP
3702 1006 3703 1006 PRP
3704 1340 3705 1340 proven
3708 1668 3709 1668 proven
3712 616 3713 616 PRP
3714 849 3715 849 PRP
3716 1776 3717 1776 proven
3718 139 3719 139 PRP
3718 1683 3719 1683 proven
3722 1826 3723 1826 proven
3724 1785 3725 1785 proven
3730 1399 3731 1399 proven
3734 1234 3735 1234 PRP
3734 1444 3735 1444 proven
3746 1456 3747 1456 proven
3748 515 3749 515 PRP
3750 133 3751 133 PRP
3750 1193 3751 1193 PRP
3750 1234 3751 1234 PRP
3750 1406 3751 1406 proven
3752 56 3753 56 PRP
3752 886 3753 886 PRP
3760 1208 3761 1208 PRP
3760 1220 3761 1220 PRP
3770 746 3771 746 PRP
3770 1395 3771 1395 proven
3776 468 3777 468 PRP
3776 1105 3777 1105 PRP
3780 1822 3781 1822 proven
3782 467 3783 467 PRP
3782 1811 3783 1811 proven
3786 953 3787 953 PRP
3790 1101 3791 1101 PRP
3794 309 3795 309 PRP
3798 715 3799 715 PRP
3800 3 3801 3 PRP
3800 588 3801 588 PRP
3800 626 3801 626 PRP
3806 1593 3807 1593 proven
3810 463 3811 463 PRP
3810 1088 3811 1088 PRP
3814 1212 3815 1212 PRP
3816 1378 3817 1378 proven
3818 653 3819 653 PRP
3820 987 3821 987 PRP
3820 1335 3821 1335 proven
3836 953 3837 953 PRP
3838 1000 3839 1000 PRP
3842 767 3843 767 PRP
3848 914 3849 914 PRP
3850 241 3851 241 PRP
3854 1324 3855 1324 proven
3854 1352 3855 1352 proven
3860 1628 3861 1628 proven
3862 1300 3863 1300 proven
3864 1400 3865 1400 proven
3866 1071 3867 1071 PRP
3866 1156 3867 1156 PRP
3866 1310 3867 1310 proven
3868 644 3869 644 PRP
3870 1339 3871 1339 proven
3872 1341 3873 1341 proven
3874 1477 3875 1477 proven
3880 964 3881 964 PRP
3890 598 3891 598 PRP
3890 1353 3891 1353 proven
3890 1764 3891 1764 proven
3892 297 3893 297 PRP
3892 830 3893 830 PRP
3892 1212 3893 1212 PRP
3894 50 3895 50 PRP
3894 1609 3895 1609 proven
3898 1660 3899 1660 proven
3898 1920 3899 1920 proven
3902 705 3903 705 PRP
3902 1565 3903 1565 proven
3902 1650 3903 1650 proven
3910 661 3911 661 PRP
3914 1760 3915 1760 proven
3916 1090 3917 1090 PRP
3916 1431 3917 1431 proven
3918 544 3919 544 PRP
3920 217 3921 217 PRP
3922 1072 3923 1072 PRP
3924 574 3925 574 PRP
3926 281 3927 281 PRP
3928 259 3929 259 PRP
3928 1234 3929 1234 PRP
3930 1400 3931 1400 proven
3932 397 3933 397 PRP
3932 1625 3933 1625 proven
3938 1738 3939 1738 proven
3940 904 3941 904 PRP
3940 1437 3941 1437 proven
3944 1395 3945 1395 proven
3944 1547 3945 1547 proven
3946 1138 3947 1138 PRP
3946 1778 3947 1778 proven
3950 2 3951 2 PRP
3954 1720 3955 1720 proven
3956 1491 3957 1491 proven
3958 414 3959 414 PRP
3964 1314 3965 1314 PRP
3970 1784 3971 1784 proven
3984 1260 3985 1260 PRP
3992 1261 3993 1261 PRP
3994 1610 3995 1610 proven
3996 858 3997 858 PRP
4008 1488 4009 1488 proven
4010 912 4011 912 PRP
4014 349 4015 349 PRP
4020 1887 4021 1887 proven
4024 1265 4025 1265 PRP
4028 1145 4029 1145 PRP
4032 1227 4033 1227 PRP
4034 1610 4035 1610 proven
4036 1350 4037 1350 proven
4038 298 4039 298 PRP
4040 9 4041 9 PRP
4040 610 4041 610 PRP
4042 1246 4043 1246 PRP
4046 71 4047 71 PRP
4046 1758 4047 1758 proven
4050 37 4051 37 PRP
4050 1850 4051 1850 proven
4060 724 4061 724 PRP
4060 736 4061 736 PRP
4060 1264 4061 1264 PRP
4060 1314 4061 1314 PRP
4060 1833 4061 1833 proven
4062 985 4063 985 PRP
4064 1047 4065 1047 PRP
4066 1563 4067 1563 proven
4068 294 4069 294 PRP
4068 1280 4069 1280 PRP
4070 930 4071 930 PRP
4070 1977 4071 1977 proven
4072 1080 4073 1080 PRP
4080 324 4081 324 PRP
4080 1568 4081 1568 proven
4082 650 4083 650 PRP
4082 906 4083 906 PRP
4082 1482 4083 1482 proven
4084 395 4085 395 PRP
4088 1814 4089 1814 proven
4092 1992 4093 1992 proven
4098 575 4099 575 PRP
4110 538 4111 538 PRP
4110 1546 4111 1546 proven
4114 847 4115 847 PRP
4120 658 4121 658 PRP
4136 1358 4137 1358 PRP
4136 1421 4137 1421 proven
4140 1078 4141 1078 PRP
4144 432 4145 432 PRP
4144 1560 4145 1560 proven
4146 526 4147 526 PRP
4146 1108 4147 1108 PRP
4148 440 4149 440 PRP
4148 1869 4149 1869 proven
4150 950 4151 950 PRP
4150 1908 4151 1908 proven
4152 1060 4153 1060 PRP
4156 1628 4157 1628 proven
4158 5 4159 5 PRP
4158 2013 4159 2013 proven
4162 910 4163 910 PRP
4162 2016 4163 2016 proven
4162 2047 4163 2047 proven
4168 995 4169 995 PRP
4170 325 4171 325 PRP
4172 916 4173 916 PRP
4176 960 4177 960 PRP
4178 1125 4179 1125 PRP
4180 517 4181 517 PRP
4192 1212 4193 1212 PRP
4194 152 4195 152 PRP
4194 655 4195 655 PRP
4194 1029 4195 1029 PRP
4202 197 4203 197 PRP
4204 687 4205 687 PRP
4204 714 4205 714 PRP
4210 158 4211 158 PRP
4210 243 4211 243 PRP
4212 1612 4213 1612 proven
4214 1067 4215 1067 PRP
4218 158 4219 158 PRP
4220 1798 4221 1798 proven
4222 1746 4223 1746 proven
4224 129 4225 129 PRP
4234 1839 4235 1839 proven
4238 465 4239 465 PRP
4238 609 4239 609 PRP
4238 1445 4239 1445 proven
4244 957 4245 957 PRP
4246 260 4247 260 PRP
4250 738 4251 738 PRP
4256 1083 4257 1083 PRP
4256 1256 4257 1256 PRP
4258 858 4259 858 PRP
4260 448 4261 448 PRP
4260 588 4261 588 PRP
4260 842 4261 842 PRP
4266 1378 4267 1378 PRP
4266 1623 4267 1623 proven
4268 1049 4269 1049 PRP
4270 841 4271 841 PRP
4280 1356 4281 1356 PRP
4284 674 4285 674 PRP
4290 51 4291 51 PRP
4290 548 4291 548 PRP
4292 292 4293 292 PRP
4292 867 4293 867 PRP
4292 1256 4293 1256 PRP
4294 877 4295 877 PRP
4298 80 4299 80 PRP
4298 1468 4299 1468 proven
4300 132 4301 132 PRP
4300 298 4301 298 PRP
4300 988 4301 988 PRP
4302 1792 4303 1792 proven
4304 1830 4305 1830 proven
4308 228 4309 228 PRP
4308 1680 4309 1680 proven
4308 1880 4309 1880 proven
4312 770 4313 770 PRP
4314 1070 4315 1070 PRP
4318 720 4319 720 PRP
4326 1666 4327 1666 proven
4338 283 4339 283 PRP
4338 435 4339 435 PRP
4340 1006 4341 1006 PRP
4342 1022 4343 1022 PRP
4352 700 4353 700 PRP
4354 1414 4355 1414 PRP
4354 2102 4355 2102 proven
4358 68 4359 68 PRP
4364 1104 4365 1104 PRP
4366 16 4367 16 PRP
4366 1363 4367 1363 PRP
4372 1147 4373 1147 PRP
4372 1687 4373 1687 proven
4378 98 4379 98 PRP
4380 704 4381 704 PRP
4380 1065 4381 1065 PRP
4382 1300 4383 1300 PRP
4382 2026 4383 2026 proven
4390 1762 4391 1762 proven
4396 1486 4397 1486 proven
4402 932 4403 932 PRP
4406 245 4407 245 PRP
4406 401 4407 401 PRP
4410 199 4411 199 PRP
4418 408 4419 408 PRP
4418 1470 4419 1470 PRP
4420 46 4421 46 PRP
4428 954 4429 954 PRP
4428 1768 4429 1768 proven
4428 1953 4429 1953 proven
4430 1422 4431 1422 PRP
4438 1155 4439 1155 PRP
4438 1360 4439 1360 PRP
4440 2058 4441 2058 proven
4444 280 4445 280 PRP
4444 474 4445 474 PRP
4448 1190 4449 1190 PRP
4450 628 4451 628 PRP
4462 361 4463 361 PRP
4470 176 4471 176 PRP
4470 241 4471 241 PRP
4472 1517 4473 1517 proven
4474 82 4475 82 PRP
4474 1580 4475 1580 proven
4490 1566 4491 1566 proven
4494 2230 4495 2230 proven
4496 561 4497 561 PRP
4496 1148 4497 1148 PRP
4500 1158 4501 1158 PRP
4500 1971 4501 1971 proven
4500 2144 4501 2144 proven
4506 1400 4507 1400 PRP
4512 2090 4513 2090 proven
4514 197 4515 197 PRP
4518 1094 4519 1094 PRP
4518 1918 4519 1918 proven
4522 1616 4523 1616 proven
4526 968 4527 968 PRP
4528 1675 4529 1675 proven
4530 1582 4531 1582 proven
4534 620 4535 620 PRP
4534 1442 4535 1442 PRP
4538 1919 4539 1919 proven
4540 796 4541 796 PRP
4544 10 4545 10 PRP
4546 58 4547 58 PRP
4548 14 4549 14 PRP
4550 521 4551 521 PRP
4552 280 4553 280 PRP
4554 199 4555 199 PRP
4560 630 4561 630 PRP
4560 1020 4561 1020 PRP
4564 1289 4565 1289 PRP
4576 555 4577 555 PRP
4578 489 4579 489 PRP
4578 1763 4579 1763 proven
4578 1915 4579 1915 proven
4582 1022 4583 1022 PRP
4584 910 4585 910 PRP
4590 437 4591 437 PRP
4590 1574 4591 1574 proven
4592 617 4593 617 PRP
4596 1836 4597 1836 proven
4598 1443 4599 1443 PRP
4600 1227 4601 1227 PRP
4602 451 4603 451 PRP
4604 1247 4605 1247 PRP
4606 33 4607 33 PRP
4608 33 4609 33 PRP
4610 1740 4611 1740 proven
4614 1852 4615 1852 proven
4622 2297 4623 2297 proven
4624 214 4625 214 PRP
4626 375 4627 375 PRP
4628 2098 4629 2098 proven
4630 430 4631 430 PRP
4636 1011 4637 1011 PRP
4636 1571 4637 1571 proven
4640 415 4641 415 PRP
4640 609 4641 609 PRP
4640 1465 4641 1465 PRP
4640 1968 4641 1968 proven
4642 390 4643 390 PRP
4642 475 4643 475 PRP
4646 1426 4647 1426 PRP
4648 1010 4649 1010 PRP
4652 2281 4653 2281 proven
4656 748 4657 748 PRP
4658 334 4659 334 PRP
4660 302 4661 302 PRP
4660 1112 4661 1112 PRP
4662 2245 4663 2245 proven
4664 2007 4665 2007 proven
4670 1896 4671 1896 proven
4672 205 4673 205 PRP
4678 2109 4679 2109 proven
4682 1170 4683 1170 PRP
4686 2165 4687 2165 proven
4686 2275 4687 2275 proven
4698 1645 4699 1645 proven
4708 2133 4709 2133 proven
4710 1444 4711 1444 PRP
4716 770 4717 770 PRP
4722 2145 4723 2145 proven
4724 172 4725 172 PRP
4728 1760 4729 1760 proven
4732 1547 4733 1547 PRP
4740 1996 4741 1996 proven
4740 2122 4741 2122 proven
4748 2358 4749 2358 proven
4750 30 4751 30 PRP
4750 776 4751 776 PRP
4752 525 4753 525 PRP
4760 1566 4761 1566 PRP
4760 2029 4761 2029 proven
4762 2127 4763 2127 proven
4770 47 4771 47 PRP
4770 1565 4771 1565 PRP
4772 1492 4773 1492 PRP
4772 1582 4773 1582 PRP
4772 1610 4773 1610 proven
4774 1585 4775 1585 PRP
4776 1875 4777 1875 proven
4780 72 4781 72 PRP
4780 289 4781 289 PRP
4782 1412 4783 1412 PRP
4786 1308 4787 1308 PRP
4788 810 4789 810 PRP
4790 1544 4791 1544 PRP
4792 1950 4793 1950 proven
4796 1475 4797 1475 PRP
4798 554 4799 554 PRP
4798 2264 4799 2264 proven
4810 472 4811 472 PRP
4812 1826 4813 1826 proven
4814 927 4815 927 PRP
4814 962 4815 962 PRP
4816 176 4817 176 PRP
4816 1853 4817 1853 proven
4816 2071 4817 2071 proven
4820 358 4821 358 PRP
4824 1190 4825 1190 PRP
4824 1234 4825 1234 PRP
4826 808 4827 808 PRP
4832 2327 4833 2327 proven
4838 1338 4839 1338 PRP
4840 1750 4841 1750 proven
4842 311 4843 311 PRP
4846 1905 4847 1905 proven
4850 1068 4851 1068 PRP
4852 651 4853 651 PRP
4864 575 4865 575 PRP
4864 1779 4865 1779 proven
4864 2367 4865 2367 proven
4866 851 4867 851 PRP
4866 1610 4867 1610 PRP
4870 489 4871 489 PRP
4876 158 4877 158 PRP
4880 449 4881 449 PRP
4886 1683 4887 1683 proven
4890 2341 4891 2341 proven
4892 111 4893 111 PRP
4898 345 4899 345 PRP
4902 2186 4903 2186 proven
4906 1088 4907 1088 PRP
4910 1128 4911 1128 PRP
4914 1247 4915 1247 PRP
4914 2309 4915 2309 proven
4920 740 4921 740 PRP
4928 2373 4929 2373 proven
4932 2132 4933 2132 proven
4936 381 4937 381 PRP
4936 763 4937 763 PRP
4936 1791 4937 1791 proven
4938 1205 4939 1205 PRP
4948 920 4949 920 PRP
4948 1503 4949 1503 PRP
4948 1950 4949 1950 proven
4950 944 4951 944 PRP
4952 1981 4953 1981 proven
4952 2045 4953 2045 proven
4956 828 4957 828 PRP
4960 249 4961 249 PRP
4960 314 4961 314 PRP
4962 1586 4963 1586 PRP
4964 250 4965 250 PRP
4968 2394 4969 2394 proven
4970 2175 4971 2175 proven
4976 945 4977 945 PRP
4978 255 4979 255 PRP
4978 340 4979 340 PRP
4978 1744 4979 1744 proven
4980 1654 4981 1654 PRP
4980 2288 4981 2288 proven
4982 2091 4983 2091 proven
4984 1042 4985 1042 PRP
4984 1735 4985 1735 proven
4990 1572 4991 1572 PRP
4994 1629 4995 1629 PRP
5002 352 5003 352 PRP
5002 1616 5003 1616 PRP
5008 1535 5009 1535 PRP
5010 326 5011 326 PRP
5010 1311 5011 1311 PRP
5010 1952 5011 1952 proven
5012 282 5013 282 PRP
5012 1045 5013 1045 PRP
5016 1568 5017 1568 PRP
5020 332 5021 332 PRP
5020 2353 5021 2353 proven
5022 352 5023 352 PRP
5022 527 5023 527 PRP
5026 463 5027 463 PRP
5026 1758 5027 1758 proven
5028 1560 5029 1560 PRP
5030 1974 5031 1974 proven
5030 1977 5031 1977 proven
5030 2312 5031 2312 proven
5032 2096 5033 2096 proven
5036 801 5037 801 PRP
5038 1964 5039 1964 proven
5046 1408 5047 1408 PRP
5050 1861 5051 1861 proven
5052 2037 5053 2037 proven
5054 1385 5055 1385 PRP
5062 685 5063 685 PRP
5066 808 5067 808 PRP
5066 856 5067 856 PRP
5068 798 5069 798 PRP
5068 1885 5069 1885 proven
5070 345 5071 345 PRP
5070 1439 5071 1439 PRP
5072 2015 5073 2015 proven
5074 667 5075 667 PRP
5076 1881 5077 1881 proven
5080 178 5081 178 PRP
5080 741 5081 741 PRP
5082 710 5083 710 PRP
5084 1997 5085 1997 proven
5086 1256 5087 1256 PRP
5086 1321 5087 1321 PRP
5090 1914 5091 1914 proven
5090 2355 5091 2355 proven
5092 205 5093 205 PRP
5092 2256 5093 2256 proven
5094 1180 5095 1180 PRP
5100 462 5101 462 PRP
5100 1569 5101 1569 PRP
5104 629 5105 629 PRP
5104 1774 5105 1774 proven
5104 2255 5105 2255 proven
5106 2278 5107 2278 proven
5108 854 5109 854 PRP
5110 362 5111 362 PRP
5110 1303 5111 1303 PRP
5110 2316 5111 2316 proven
5114 219 5115 219 PRP
5118 2519 5119 2519 proven
5120 635 5121 635 PRP
5122 42 5123 42 PRP
5122 302 5123 302 PRP
5122 540 5123 540 PRP
5130 2548 5131 2548 proven
5132 2251 5133 2251 proven
5136 408 5137 408 PRP
5140 227 5141 227 PRP
5140 1389 5141 1389 PRP
5148 588 5149 588 PRP
5148 1040 5149 1040 PRP
5150 702 5151 702 PRP
5150 1059 5151 1059 PRP
5154 267 5155 267 PRP
5154 490 5155 490 PRP
5156 1653 5157 1653 PRP
5160 1558 5161 1558 PRP
5160 2516 5161 2516 proven
5162 1946 5163 1946 proven
5168 1274 5169 1274 PRP
5170 1300 5171 1300 PRP
5174 480 5175 480 PRP
5176 1160 5177 1160 PRP
5176 1930 5177 1930 proven
5182 140 5183 140 PRP
5184 459 5185 459 PRP
5186 65 5187 65 PRP
5188 1354 5189 1354 PRP
5190 1619 5191 1619 PRP
5190 2019 5191 2019 proven
5190 2401 5191 2401 proven
5192 111 5193 111 PRP
5192 1146 5193 1146 PRP
5192 1196 5193 1196 PRP
5192 2222 5193 2222 proven
5196 1850 5197 1850 proven
5198 1479 5199 1479 PRP
5198 1875 5199 1875 proven
5198 2183 5199 2183 proven
5198 2249 5199 2249 proven
5202 1597 5203 1597 PRP
5202 2386 5203 2386 proven
5208 1383 5209 1383 PRP
5208 1398 5209 1398 PRP
5210 2552 5211 2552 proven
5216 2520 5217 2520 proven
5224 1002 5225 1002 PRP
5228 2049 5229 2049 proven
5234 1949 5235 1949 proven
5244 192 5245 192 PRP
5250 21 5251 21 PRP
5250 260 5251 260 PRP
5250 1732 5251 1732 PRP
5258 1125 5259 1125 PRP
5260 193 5261 193 PRP
5260 825 5261 825 PRP
5262 2486 5263 2486 proven
5268 165 5269 165 PRP
5270 1265 5271 1265 PRP
5270 2254 5271 2254 proven
5272 956 5273 956 PRP
5272 1290 5273 1290 PRP
5272 1720 5273 1720 PRP
5274 475 5275 475 PRP
5274 1760 5275 1760 proven
5276 1346 5277 1346 PRP
5278 1250 5279 1250 PRP
5282 1056 5283 1056 PRP
5282 1510 5283 1510 PRP
5284 777 5285 777 PRP
5284 1697 5285 1697 PRP
5284 1839 5285 1839 proven
5284 2405 5285 2405 proven
5290 124 5291 124 PRP
5290 2378 5291 2378 proven
5292 936 5293 936 PRP
5294 122 5295 122 PRP
5298 2288 5299 2288 proven
5300 2170 5301 2170 proven
5302 416 5303 416 PRP
5302 2326 5303 2326 proven
5306 1688 5307 1688 PRP
5312 125 5313 125 PRP
5316 2628 5317 2628 proven
5318 1490 5319 1490 PRP
5338 1050 5339 1050 PRP
5342 411 5343 411 PRP
5342 1272 5343 1272 PRP
5348 1673 5349 1673 PRP
5356 2371 5357 2371 proven
5360 283 5361 283 PRP
5360 2263 5361 2263 proven
5362 175 5363 175 PRP
5362 1246 5363 1246 PRP
5362 1646 5363 1646 PRP
5366 1898 5367 1898 proven
5366 2190 5367 2190 proven
5366 2375 5367 2375 proven
5370 1679 5371 1679 PRP
5370 1762 5371 1762 PRP
5374 810 5375 810 PRP
5376 1695 5377 1695 PRP
5380 2051 5381 2051 proven
5390 1094 5391 1094 PRP
5390 1647 5391 1647 PRP
5392 925 5393 925 PRP
5396 206 5397 206 PRP
5396 2338 5397 2338 proven
5400 1902 5401 1902 proven
5404 2285 5405 2285 proven
5410 1117 5411 1117 PRP
5410 1426 5411 1426 PRP
5420 1271 5421 1271 PRP
5422 1677 5423 1677 PRP
5426 1053 5427 1053 PRP
5426 1518 5427 1518 PRP
5428 933 5429 933 PRP
5430 441 5431 441 PRP
5436 1815 5437 1815 proven
5440 1735 5441 1735 PRP
5440 2586 5441 2586 proven
5448 734 5449 734 PRP
5450 1895 5451 1895 proven
5450 2654 5451 2654 proven
5452 2461 5453 2461 proven
5454 1259 5455 1259 PRP
5458 2083 5459 2083 proven
5462 2087 5463 2087 proven
5462 2686 5463 2686 proven
5466 2516 5467 2516 proven
5468 2124 5469 2124 proven
5470 945 5471 945 PRP
5470 948 5471 948 PRP
5470 1820 5471 1820 PRP
5470 2701 5471 2701 proven
5474 899 5475 899 PRP
5478 1244 5479 1244 PRP
5478 2530 5479 2530 proven
5482 1681 5483 1681 PRP
5482 2630 5483 2630 proven
5486 2070 5487 2070 proven
5488 2700 5489 2700 proven
5490 2343 5491 2343 proven
5494 1012 5495 1012 PRP
5494 2590 5495 2590 proven
5504 1295 5505 1295 PRP
5504 1629 5505 1629 PRP
5506 2098 5507 2098 proven
5510 2120 5511 2120 proven
5512 285 5513 285 PRP
5512 2266 5513 2266 proven
5520 1254 5521 1254 PRP
5524 1504 5525 1504 PRP
5530 1285 5531 1285 PRP
5530 1978 5531 1978 proven
5530 2340 5531 2340 proven
5532 120 5533 120 PRP
5532 1212 5533 1212 PRP
5534 20 5535 20 PRP
5536 165 5537 165 PRP
5536 1631 5537 1631 PRP
5540 1749 5541 1749 PRP
5544 2355 5545 2355 proven
5546 740 5547 740 PRP
5546 2760 5547 2760 proven
5554 979 5555 979 PRP
5556 78 5557 78 PRP
5560 445 5561 445 PRP
5562 965 5563 965 PRP
5564 375 5565 375 PRP
5564 1629 5565 1629 PRP
5578 2023 5579 2023 proven
5580 495 5581 495 PRP
5580 1376 5581 1376 PRP
5582 2770 5583 2770 proven
5584 537 5585 537 PRP
5594 562 5595 562 PRP
5604 2230 5605 2230 proven
5610 1543 5611 1543 PRP
5610 1759 5611 1759 PRP
5610 1837 5611 1837 PRP
5610 1911 5611 1911 proven
5612 2226 5613 2226 proven
5614 1672 5615 1672 PRP
5618 2310 5619 2310 proven
5620 1417 5621 1417 PRP
5620 2307 5621 2307 proven
5626 808 5627 808 PRP
5630 2042 5631 2042 proven
5632 2361 5633 2361 proven
5640 1845 5641 1845 PRP
5642 2202 5643 2202 proven
5642 2301 5643 2301 proven
5648 1658 5649 1658 PRP
5650 408 5651 408 PRP
5650 1738 5651 1738 PRP
5650 2467 5651 2467 proven
5650 2510 5651 2510 proven
5650 2551 5651 2551 proven
5652 801 5653 801 PRP
5654 1017 5655 1017 PRP
5654 1739 5655 1739 PRP
5658 388 5659 388 PRP
5660 2746 5661 2746 proven
5672 306 5673 306 PRP
5678 978 5679 978 PRP
5680 2475 5681 2475 proven
5684 2160 5685 2160 proven
5684 2555 5685 2555 proven
5686 2025 5687 2025 proven
5698 279 5699 279 PRP
5704 590 5705 590 PRP
5704 2432 5705 2432 proven
5706 1700 5707 1700 PRP
5710 1966 5711 1966 proven
5720 2744 5721 2744 proven
5726 2843 5727 2843 proven
5728 943 5729 943 PRP
5732 426 5733 426 PRP
5732 2491 5733 2491 proven
5732 2827 5733 2827 proven
5734 1792 5735 1792 PRP
5734 2514 5735 2514 proven
5736 1136 5737 1136 PRP
5740 722 5741 722 PRP
5740 1597 5741 1597 PRP
5746 28 5747 28 PRP
5746 2235 5747 2235 proven
5748 800 5749 800 PRP
5752 951 5753 951 PRP
5756 1523 5757 1523 PRP
5758 745 5759 745 PRP
5760 231 5761 231 PRP
5762 350 5763 350 PRP
5772 2360 5773 2360 proven
5774 44 5775 44 PRP
5774 1037 5775 1037 PRP
5776 891 5777 891 PRP
5786 786 5787 786 PRP
5786 1236 5787 1236 PRP
5788 1580 5789 1580 PRP
5790 698 5791 698 PRP
5790 2055 5791 2055 proven
5792 2735 5793 2735 proven
5798 200 5799 200 PRP
5804 1332 5805 1332 PRP
5806 825 5807 825 PRP
5806 1806 5807 1806 PRP
5810 686 5811 686 PRP
5812 982 5813 982 PRP
5814 2257 5815 2257 proven
5834 665 5835 665 PRP
5836 103 5837 103 PRP
5838 2344 5839 2344 proven
5840 1094 5841 1094 PRP
5840 2216 5841 2216 proven
5842 1741 5843 1741 PRP
5844 1647 5845 1647 PRP
5846 186 5847 186 PRP
5850 2042 5851 2042 proven
5852 496 5853 496 PRP
5854 2037 5855 2037 proven
5856 1005 5857 1005 PRP
5858 364 5859 364 PRP
5860 2052 5861 2052 proven
5860 2315 5861 2315 proven
5870 1125 5871 1125 PRP
5870 1918 5871 1918 PRP
5874 1065 5875 1065 PRP
5874 1412 5875 1412 PRP
5876 2755 5877 2755 proven
5884 1760 5885 1760 PRP
5886 445 5887 445 PRP
5888 1914 5889 1914 PRP
5900 44 5901 44 PRP
5900 879 5901 879 PRP
5900 1312 5901 1312 PRP
5902 510 5903 510 PRP
5908 1083 5909 1083 PRP
5908 1235 5909 1235 PRP
5910 147 5911 147 PRP
5910 1753 5911 1753 PRP
5910 2600 5911 2600 proven
5912 2292 5913 2292 proven
5914 1392 5915 1392 PRP
5916 1881 5917 1881 PRP
5918 488 5919 488 PRP
5920 937 5921 937 PRP
5920 2133 5921 2133 proven
5926 1090 5927 1090 PRP
5928 1628 5929 1628 PRP
5930 116 5931 116 PRP
5932 1925 5933 1925 PRP
5934 1759 5935 1759 PRP
5936 2613 5937 2613 proven
5940 670 5941 670 PRP
5944 2612 5945 2612 proven
5944 2722 5945 2722 proven
5946 423 5947 423 PRP
5946 1501 5947 1501 PRP
5954 184 5955 184 PRP
5956 2606 5957 2606 proven
5962 1160 5963 1160 PRP
5962 1582 5963 1582 PRP
5968 1214 5969 1214 PRP
5970 2332 5971 2332 proven
5972 772 5973 772 PRP
5980 1066 5981 1066 PRP
5980 2448 5981 2448 proven
5982 800 5983 800 PRP
5984 540 5985 540 PRP
5990 2139 5991 2139 proven
5992 100 5993 100 PRP
5992 1232 5993 1232 PRP
5992 1861 5993 1861 PRP
5996 1180 5997 1180 PRP
5996 2590 5997 2590 proven
6006 263 6007 263 PRP
6006 2246 6007 2246 proven
6010 1874 6011 1874 PRP
6012 2210 6013 2210 proven
6014 29 6015 29 PRP
6016 93 6017 93 PRP
6016 756 6017 756 PRP
6016 2711 6017 2711 proven
6018 1193 6019 1193 PRP
6018 2408 6019 2408 proven
6020 1231 6021 1231 PRP
6020 1944 6021 1944 PRP
6020 2807 6021 2807 proven
6022 1227 6023 1227 PRP
6024 2950 6025 2950 proven
6030 867 6031 867 PRP
6030 2369 6031 2369 proven
6032 570 6033 570 PRP
6032 2082 6033 2082 proven
6034 1572 6035 1572 PRP
6038 1155 6039 1155 PRP
6040 180 6041 180 PRP
6040 1878 6041 1878 PRP
6040 2844 6041 2844 proven
6048 2758 6049 2758 proven
6050 2463 6051 2463 proven
6052 100 6053 100 PRP
6052 1341 6053 1341 PRP
6054 2482 6055 2482 proven
6056 2095 6057 2095 proven
6056 2403 6057 2403 proven
6056 2805 6057 2805 proven
6060 592 6061 592 PRP
6068 258 6069 258 PRP
6070 162 6071 162 PRP
6072 1312 6073 1312 PRP
6076 280 6077 280 PRP
6080 516 6081 516 PRP
6086 1685 6087 1685 PRP
6088 2054 6089 2054 proven
6090 1060 6091 1060 PRP
6092 1762 6093 1762 PRP
6096 916 6097 916 PRP
6100 36 6101 36 PRP
6100 1772 6101 1772 PRP
6104 924 6105 924 PRP
6106 2661 6107 2661 proven
6110 412 6111 412 PRP
6110 458 6111 458 PRP
6110 2258 6111 2258 proven
6112 547 6113 547 PRP
6116 2273 6117 2273 proven
6118 2644 6119 2644 proven
6120 580 6121 580 PRP
6120 2421 6121 2421 proven
6128 1900 6129 1900 PRP
6130 2212 6131 2212 proven
6132 1335 6133 1335 PRP
6134 750 6135 750 PRP
6134 2114 6135 2114 proven
6142 1322 6143 1322 PRP
6142 2142 6143 2142 proven
6146 1590 6147 1590 PRP
6148 875 6149 875 PRP
6148 2635 6149 2635 proven
6150 2187 6151 2187 proven
6152 1676 6153 1676 PRP
6154 2390 6155 2390 proven
6158 1388 6159 1388 PRP
6160 299 6161 299 PRP
6162 1187 6163 1187 PRP
6162 2235 6163 2235 proven
6164 607 6165 607 PRP
6164 885 6165 885 PRP
6172 1585 6173 1585 PRP
6174 2012 6175 2012 PRP
6174 2884 6175 2884 proven
6178 1904 6179 1904 PRP
6180 1204 6181 1204 PRP
6180 1628 6181 1628 PRP
6188 1523 6189 1523 PRP
6194 934 6195 934 PRP
6194 2104 6195 2104 proven
6200 2581 6201 2581 proven
6206 1865 6207 1865 PRP
6206 2488 6207 2488 proven
6206 2978 6207 2978 proven
6208 1320 6209 1320 PRP
6208 1983 6209 1983 PRP
6210 1759 6211 1759 PRP
6212 1701 6213 1701 PRP
6220 478 6221 478 PRP
6220 3039 6221 3039 proven
6222 2697 6223 2697 proven
6228 1980 6229 1980 PRP
6230 544 6231 544 PRP
6230 758 6231 758 PRP
6230 1000 6231 1000 PRP
6230 1030 6231 1030 PRP
6230 2530 6231 2530 proven
6230 2576 6231 2576 proven
6236 1421 6237 1421 PRP
6236 1473 6237 1473 PRP
6238 1548 6239 1548 PRP
6240 2784 6241 2784 proven
6244 705 6245 705 PRP
6248 814 6249 814 PRP
6248 1688 6249 1688 PRP
6248 2813 6249 2813 proven
6260 1861 6261 1861 PRP
6266 2430 6267 2430 proven
6266 2546 6267 2546 proven
6270 2615 6271 2615 proven
6270 2707 6271 2707 proven
6272 3055 6273 3055 proven
6274 642 6275 642 PRP
6274 837 6275 837 PRP
6278 2330 6279 2330 proven
6280 2134 6281 2134 proven
6280 2542 6281 2542 proven
6282 401 6283 401 PRP
6286 771 6287 771 PRP
6292 2105 6293 2105 proven
6296 1525 6297 1525 PRP
6300 1053 6301 1053 PRP
6300 2304 6301 2304 proven
6300 2390 6301 2390 proven
6306 2290 6307 2290 proven
6310 156 6311 156 PRP
6310 2760 6311 2760 proven
6314 1142 6315 1142 PRP
6316 1726 6317 1726 PRP
6316 2880 6317 2880 proven
6318 478 6319 478 PRP
6320 2259 6321 2259 proven
6322 2335 6323 2335 proven
6326 221 6327 221 PRP
6326 1636 6327 1636 PRP
6328 1294 6329 1294 PRP
6328 2323 6329 2323 proven
6328 2973 6329 2973 proven
6334 787 6335 787 PRP
6334 2814 6335 2814 proven
6342 1126 6343 1126 PRP
6342 1366 6343 1366 PRP
6342 2581 6343 2581 proven
6344 3114 6345 3114 proven
6350 1221 6351 1221 PRP
6354 1489 6355 1489 PRP
6356 2606 6357 2606 proven
6360 144 6361 144 PRP
6360 2352 6361 2352 proven
6362 1877 6363 1877 PRP
6364 387 6365 387 PRP
6368 823 6369 823 PRP
6370 916 6371 916 PRP
6372 216 6373 216 PRP
6380 832 6381 832 PRP
6380 1447 6381 1447 PRP
6380 2665 6381 2665 proven
6382 420 6383 420 PRP
6382 2881 6383 2881 proven
6388 2889 6389 2889 proven
6390 2117 6391 2117 PRP
6392 285 6393 285 PRP
6394 919 6395 919 PRP
6394 2317 6395 2317 proven
6396 2186 6397 2186 proven
6398 2594 6399 2594 proven
6400 973 6401 973 PRP
6410 826 6411 826 PRP
6412 835 6413 835 PRP
6416 131 6417 131 PRP
6416 406 6417 406 PRP
6416 3121 6417 3121 proven
6420 2122 6421 2122 PRP
6420 2670 6421 2670 proven
6424 829 6425 829 PRP
6426 195 6427 195 PRP
6432 1420 6433 1420 PRP
6432 2900 6433 2900 proven
6436 893 6437 893 PRP
6440 203 6441 203 PRP
6448 1588 6449 1588 PRP
6450 423 6451 423 PRP
6450 1708 6451 1708 PRP
6450 2465 6451 2465 proven
6458 1799 6459 1799 PRP
6458 2789 6459 2789 proven
6458 2813 6459 2813 proven
6464 3089 6465 3089 proven
6466 888 6467 888 PRP
6470 614 6471 614 PRP
6470 1205 6471 1205 PRP
6482 1710 6483 1710 PRP
6484 110 6485 110 PRP
6486 81 6487 81 PRP
6486 1300 6487 1300 PRP
6492 27 6493 27 PRP
6502 1146 6503 1146 PRP
6506 568 6507 568 PRP
6506 1896 6507 1896 PRP
6506 2680 6507 2680 proven
6508 1730 6509 1730 PRP
6510 638 6511 638 PRP
6510 2272 6511 2272 proven
6512 1770 6513 1770 PRP
6520 1441 6521 1441 PRP
6526 328 6527 328 PRP
6528 2984 6529 2984 proven
6530 149 6531 149 PRP
6530 942 6531 942 PRP
6530 2862 6531 2862 proven
6532 1462 6533 1462 PRP
6540 321 6541 321 PRP
6544 757 6545 757 PRP
6544 1804 6545 1804 PRP
6552 2456 6553 2456 proven
6554 485 6555 485 PRP
6558 2545 6559 2545 proven
6560 772 6561 772 PRP
6560 1306 6561 1306 PRP
6572 106 6573 106 PRP
6572 382 6573 382 PRP
6574 2034 6575 2034 PRP
6578 2223 6579 2223 proven
6588 1008 6589 1008 PRP
6590 768 6591 768 PRP
6590 1137 6591 1137 PRP
6602 1616 6603 1616 PRP
6604 790 6605 790 PRP
6606 2181 6607 2181 PRP
6608 2284 6609 2284 proven
6610 3222 6611 3222 proven
6612 1500 6613 1500 PRP
6614 1845 6615 1845 PRP
6618 448 6619 448 PRP
6618 699 6619 699 PRP
6620 1320 6621 1320 PRP
6620 1842 6621 1842 PRP
6620 2726 6621 2726 proven
6622 930 6623 930 PRP
6626 41 6627 41 PRP
6628 739 6629 739 PRP
6630 1780 6631 1780 PRP
6652 640 6653 640 PRP
6652 1840 6653 1840 PRP
6652 2966 6653 2966 proven
6660 2076 6661 2076 PRP
6668 990 6669 990 PRP
6670 128 6671 128 PRP
6670 2391 6671 2391 proven
6670 2935 6671 2935 proven
6674 854 6675 854 PRP
6674 1520 6675 1520 PRP
6674 2544 6675 2544 proven
6676 63 6677 63 PRP
6676 2645 6677 2645 proven
6676 2860 6677 2860 proven
6680 180 6681 180 PRP
6682 1342 6683 1342 PRP
6690 2330 6691 2330 proven
6696 2811 6697 2811 proven
6698 3114 6699 3114 proven
6700 1705 6701 1705 PRP
6700 3312 6701 3312 proven
6710 2781 6711 2781 proven
6720 2448 6721 2448 proven
6732 2811 6733 2811 proven
6742 372 6743 372 PRP
6742 632 6743 632 PRP
6750 806 6751 806 PRP
6750 2728 6751 2728 proven
6752 1595 6753 1595 PRP
6756 70 6757 70 PRP
6760 1440 6761 1440 PRP
6760 3142 6761 3142 proven
6762 2326 6763 2326 proven
6768 1665 6769 1665 PRP
6768 2145 6769 2145 PRP
6770 640 6771 640 PRP
6770 812 6771 812 PRP
6774 285 6775 285 PRP
6780 2628 6781 2628 proven
6790 381 6791 381 PRP
6790 1252 6791 1252 PRP
6794 1952 6795 1952 PRP
6798 1115 6799 1115 PRP
6802 525 6803 525 PRP
6802 2572 6803 2572 proven
6808 958 6809 958 PRP
6810 429 6811 429 PRP
6810 1102 6811 1102 PRP
6810 1491 6811 1491 PRP
6812 2556 6813 2556 proven
6814 507 6815 507 PRP
6814 759 6815 759 PRP
6818 2079 6819 2079 PRP
6820 300 6821 300 PRP
6822 1147 6823 1147 PRP
6822 1315 6823 1315 PRP
6826 2030 6827 2030 PRP
6836 1070 6837 1070 PRP
6840 790 6841 790 PRP
6840 2854 6841 2854 proven
6842 387 6843 387 PRP
6844 2052 6845 2052 PRP
6848 3140 6849 3140 proven
6850 427 6851 427 PRP
6850 1827 6851 1827 PRP
6854 219 6855 219 PRP
6854 2840 6855 2840 proven
6856 1218 6857 1218 PRP
6856 2538 6857 2538 proven
6858 1184 6859 1184 PRP
6860 3105 6861 3105 proven
6868 803 6869 803 PRP
6872 1146 6873 1146 PRP
6880 892 6881 892 PRP
6880 1576 6881 1576 PRP
6880 3087 6881 3087 proven
6892 3077 6893 3077 proven
6894 2087 6895 2087 PRP
6898 234 6899 234 PRP
6900 540 6901 540 PRP
6902 1805 6903 1805 PRP
6904 2462 6905 2462 proven
6910 733 6911 733 PRP
6910 2395 6911 2395 proven
6910 2930 6911 2930 proven
6914 1934 6915 1934 PRP
6916 1710 6917 1710 PRP
6926 2480 6927 2480 proven
6930 1663 6931 1663 PRP
6930 1969 6931 1969 PRP
6930 2875 6931 2875 proven
6932 3056 6933 3056 proven
6934 2472 6935 2472 proven
6934 3162 6935 3162 proven
6934 3457 6935 3457 proven
6936 146 6937 146 PRP
6938 2560 6939 2560 proven
6940 2147 6941 2147 PRP
6940 2319 6941 2319 proven
6944 3427 6945 3427 proven
6946 1348 6947 1348 PRP
6952 2061 6953 2061 PRP
6952 3106 6953 3106 proven
6954 2777 6955 2777 proven
6956 2423 6957 2423 proven
6956 3253 6957 3253 proven
6970 709 6971 709 PRP
6970 1296 6971 1296 PRP
6972 810 6973 810 PRP
6980 2166 6981 2166 PRP
6982 676 6983 676 PRP
6984 939 6985 939 PRP
6984 1872 6985 1872 PRP
6990 1771 6991 1771 PRP
6992 565 6993 565 PRP
6994 1900 6995 1900 PRP
6994 2332 6995 2332 proven
6996 1308 6997 1308 PRP
6998 1328 6999 1328 PRP
7000 2645 7001 2645 proven
7000 3440 7001 3440 proven
7004 1990 7005 1990 PRP
7016 1526 7017 1526 PRP
7016 2130 7017 2130 PRP
7020 52 7021 52 PRP
7022 1085 7023 1085 PRP
7024 705 7025 705 PRP
7024 2935 7025 2935 proven
7026 1521 7027 1521 PRP
7028 719 7029 719 PRP
7030 1327 7031 1327 PRP
7030 3232 7031 3232 proven
7030 3379 7031 3379 proven
7040 1341 7041 1341 PRP
7042 2876 7043 2876 proven
7042 3096 7043 3096 proven
7050 1756 7051 1756 PRP
7050 2895 7051 2895 proven
7054 152 7055 152 PRP
7058 1803 7059 1803 PRP
7060 149 7061 149 PRP
7060 2501 7061 2501 proven
7070 3441 7071 3441 proven
7072 1017 7073 1017 PRP
7072 2857 7073 2857 proven
7078 2440 7079 2440 proven
7082 3086 7083 3086 proven
7086 2278 7087 2278 PRP
7090 483 7091 483 PRP
7098 3148 7099 3148 proven
7098 3238 7099 3238 proven
7100 853 7101 853 PRP
7100 2257 7101 2257 PRP
7102 800 7103 800 PRP
7110 1699 7111 1699 PRP
7114 2510 7115 2510 proven
7124 2297 7125 2297 PRP
7126 1651 7127 1651 PRP
7128 939 7129 939 PRP
7128 1995 7129 1995 PRP
7130 71 7131 71 PRP
7130 2037 7131 2037 PRP
7136 2001 7137 2001 PRP
7136 2728 7137 2728 proven
7140 2955 7141 2955 proven
7146 301 7147 301 PRP
7148 1054 7149 1054 PRP
7154 3185 7155 3185 proven
7156 711 7157 711 PRP
7158 1220 7159 1220 PRP
7160 2075 7161 2075 PRP
7160 2240 7161 2240 PRP
7168 479 7169 479 PRP
7170 1701 7171 1701 PRP
7170 2224 7171 2224 PRP
7172 1491 7173 1491 PRP
7174 1339 7175 1339 PRP
7180 2806 7181 2806 proven
7184 117 7185 117 PRP
7184 2447 7185 2447 proven
7188 543 7189 543 PRP
7190 666 7191 666 PRP
7194 2709 7195 2709 proven
7198 1668 7199 1668 PRP
7202 3210 7203 3210 proven
7204 2412 7205 2412 proven
7212 2550 7213 2550 proven
7214 1740 7215 1740 PRP
7214 1894 7215 1894 PRP
7216 3296 7217 3296 proven
7220 2910 7221 2910 proven
7224 1227 7225 1227 PRP
7228 2000 7229 2000 PRP
7230 2445 7231 2445 proven
7234 1200 7235 1200 PRP
7238 2019 7239 2019 PRP
7244 224 7245 224 PRP
7244 395 7245 395 PRP
7246 2528 7247 2528 proven
7246 2640 7247 2640 proven
7250 776 7251 776 PRP
7250 2742 7251 2742 proven
7252 1831 7253 1831 PRP
7266 2240 7267 2240 PRP
7268 300 7269 300 PRP
7268 3289 7269 3289 proven
7270 294 7271 294 PRP
7272 1290 7273 1290 PRP
7272 2415 7273 2415 PRP
7276 578 7277 578 PRP
7276 2346 7277 2346 PRP
7276 2378 7277 2378 PRP
7280 3136 7281 3136 proven
7282 1027 7283 1027 PRP
7284 3570 7285 3570 proven
7288 1059 7289 1059 PRP
7288 1149 7289 1149 PRP
7296 3280 7297 3280 proven
7296 3306 7297 3306 proven
7296 3500 7297 3500 proven
7298 2609 7299 2609 proven
7300 2912 7301 2912 proven
7302 2405 7303 2405 PRP
7306 3286 7307 3286 proven
7308 1278 7309 1278 PRP
7308 1884 7309 1884 PRP
7310 74 7311 74 PRP
7312 1406 7313 1406 PRP
7314 3070 7315 3070 proven
7318 853 7319 853 PRP
7318 864 7319 864 PRP
7320 2193 7321 2193 PRP
7322 3365 7323 3365 proven
7324 602 7325 602 PRP
7324 835 7325 835 PRP
7326 76 7327 76 PRP
7326 2481 7327 2481 proven
7328 4 7329 4 PRP
7340 2048 7341 2048 PRP
7340 2555 7341 2555 proven
7342 1806 7343 1806 PRP
7350 705 7351 705 PRP
7350 1708 7351 1708 PRP
7352 2711 7353 2711 proven
7358 1335 7359 1335 PRP
7358 1884 7359 1884 PRP
7360 260 7361 260 PRP
7370 1659 7371 1659 PRP
7370 1937 7371 1937 PRP
7370 3592 7371 3592 proven
7372 2795 7373 2795 proven
7376 2790 7377 2790 proven
7382 71 7383 71 PRP
7388 908 7389 908 PRP
7390 1957 7391 1957 PRP
7398 1580 7399 1580 PRP
7400 570 7401 570 PRP
7400 1730 7401 1730 PRP
7402 1467 7403 1467 PRP
7402 1701 7403 1701 PRP
7406 2223 7407 2223 PRP
7416 1300 7417 1300 PRP
7418 164 7419 164 PRP
7420 2951 7421 2951 proven
7430 275 7431 275 PRP
7430 540 7431 540 PRP
7434 242 7435 242 PRP
7434 2797 7435 2797 proven
7436 1840 7437 1840 PRP
7436 1983 7437 1983 PRP
7436 2115 7437 2115 PRP
7438 1189 7439 1189 PRP
7438 2808 7439 2808 proven
7440 3135 7441 3135 proven
7442 1492 7443 1492 PRP
7446 2193 7447 2193 PRP
7450 1618 7451 1618 PRP
7452 2685 7453 2685 proven
7462 896 7463 896 PRP
7470 1883 7471 1883 PRP
7472 2901 7473 2901 proven
7472 3230 7473 3230 proven
7472 3442 7473 3442 proven
7480 693 7481 693 PRP
7480 2589 7481 2589 proven
7480 2826 7481 2826 proven
7482 1682 7483 1682 PRP
7484 3272 7485 3272 proven
7490 2789 7491 2789 proven
7490 3462 7491 3462 proven
7498 184 7499 184 PRP
7500 1630 7501 1630 PRP
7502 1587 7503 1587 PRP
7504 1464 7505 1464 PRP
7504 2769 7505 2769 proven
7508 2133 7509 2133 PRP
7508 3010 7509 3010 proven
7508 3458 7509 3458 proven
7526 675 7527 675 PRP
7532 207 7533 207 PRP
7538 3098 7539 3098 proven
7540 482 7541 482 PRP
7540 1075 7541 1075 PRP
7540 1398 7541 1398 PRP
7542 1785 7543 1785 PRP
7544 2194 7545 2194 PRP
7546 2580 7547 2580 proven
7548 760 7549 760 PRP
7554 375 7555 375 PRP
7560 2086 7561 2086 PRP
7562 596 7563 596 PRP
7562 1631 7563 1631 PRP
7564 3275 7565 3275 proven
7566 200 7567 200 PRP
7570 1770 7571 1770 PRP
7572 1785 7573 1785 PRP
7576 2155 7577 2155 PRP
7576 3203 7577 3203 proven
7580 2632 7581 2632 proven
7582 1296 7583 1296 PRP
7584 2700 7585 2700 proven
7586 2616 7587 2616 proven
7590 2181 7591 2181 PRP
7592 3456 7593 3456 proven
7598 1928 7599 1928 PRP
7600 246 7601 246 PRP
7600 768 7601 768 PRP
7600 2814 7601 2814 proven
7602 1305 7603 1305 PRP
7604 1837 7605 1837 PRP
7604 3644 7605 3644 proven
7606 330 7607 330 PRP
7606 1665 7607 1665 PRP
7608 848 7609 848 PRP
7608 1208 7609 1208 PRP
7608 2970 7609 2970 proven
7610 2048 7611 2048 PRP
7610 3692 7611 3692 proven
7612 3447 7613 3447 proven
7616 2333 7617 2333 PRP
7618 1674 7619 1674 PRP
7618 2870 7619 2870 proven
7620 3796 7621 3796 proven
7624 2649 7625 2649 proven
7630 2041 7631 2041 PRP
7634 405 7635 405 PRP
7638 3493 7639 3493 proven
7640 178 7641 178 PRP
7642 1636 7643 1636 PRP
7650 1735 7651 1735 PRP
7650 2183 7651 2183 PRP
7650 3028 7651 3028 proven
7654 442 7655 442 PRP
7656 250 7657 250 PRP
7656 1820 7657 1820 PRP
7658 2109 7659 2109 PRP
7660 2031 7661 2031 PRP
7664 1272 7665 1272 PRP
7668 580 7669 580 PRP
7670 1356 7671 1356 PRP
7670 1823 7671 1823 PRP
7670 2250 7671 2250 PRP
7674 982 7675 982 PRP
7676 136 7677 136 PRP
7676 981 7677 981 PRP
7678 919 7679 919 PRP
7680 820 7681 820 PRP
7680 3420 7681 3420 proven
7680 3578 7681 3578 proven
7684 2719 7685 2719 proven
7686 3705 7687 3705 proven
7696 493 7697 493 PRP
7696 696 7697 696 PRP
7700 983 7701 983 PRP
7700 1587 7701 1587 PRP
7700 2237 7701 2237 PRP
7700 2952 7701 2952 proven
7706 1228 7707 1228 PRP
7710 3404 7711 3404 proven
7712 2111 7713 2111 PRP
7714 1664 7715 1664 PRP
7722 3056 7723 3056 proven
7724 3815 7725 3815 proven
7730 141 7731 141 PRP
7732 1322 7733 1322 PRP
7738 2214 7739 2214 PRP
7740 408 7741 408 PRP
7744 154 7745 154 PRP
7746 2716 7747 2716 proven
7748 2419 7749 2419 PRP
7750 1459 7751 1459 PRP
7750 1720 7751 1720 PRP
7750 3020 7751 3020 proven
7754 62 7755 62 PRP
7754 2817 7755 2817 proven
7758 1214 7759 1214 PRP
7760 527 7761 527 PRP
7760 1232 7761 1232 PRP
7762 2545 7763 2545 PRP
7768 3290 7769 3290 proven
7780 110 7781 110 PRP
7780 3466 7781 3466 proven
7796 1823 7797 1823 PRP
7800 2517 7801 2517 PRP
7804 2934 7805 2934 proven
7806 1155 7807 1155 PRP
7814 1034 7815 1034 PRP
7820 11 7821 11 PRP
7820 520 7821 520 PRP
7820 3149 7821 3149 proven
7822 1766 7823 1766 PRP
7824 3759 7825 3759 proven
7828 1683 7829 1683 PRP
7828 3069 7829 3069 proven
7830 2395 7831 2395 PRP
7832 267 7833 267 PRP
7834 1474 7835 1474 PRP
7836 3591 7837 3591 proven
7838 2105 7839 2105 PRP
7844 3014 7845 3014 proven
7846 98 7847 98 PRP
7846 1708 7847 1708 PRP
7848 2050 7849 2050 PRP
7848 2878 7849 2878 proven
7848 3794 7849 3794 proven
7850 2776 7851 2776 proven
7852 352 7853 352 PRP
7852 2320 7853 2320 PRP
7856 1075 7857 1075 PRP
7856 2556 7857 2556 PRP
7858 2944 7859 2944 proven
7862 1577 7863 1577 PRP
7866 1018 7867 1018 PRP
7868 3863 7869 3863 proven
7870 349 7871 349 PRP
7870 1398 7871 1398 PRP
7870 1822 7871 1822 PRP
7870 2448 7871 2448 PRP
7870 3514 7871 3514 proven
7874 819 7875 819 PRP
7876 2543 7877 2543 PRP
7880 2018 7881 2018 PRP
7880 2522 7881 2522 PRP
7886 2640 7887 2640 proven
7888 703 7889 703 PRP
7892 2461 7893 2461 PRP
7892 2591 7893 2591 PRP
7894 2824 7895 2824 proven
7896 561 7897 561 PRP
7900 2580 7901 2580 PRP
7904 2235 7905 2235 PRP
7906 925 7907 925 PRP
7910 1612 7911 1612 PRP
7920 1108 7921 1108 PRP
7922 2000 7923 2000 PRP
7922 2320 7923 2320 PRP
7926 3220 7927 3220 proven
7928 3453 7929 3453 proven
7938 1900 7939 1900 PRP
7940 3641 7941 3641 proven
7940 3766 7941 3766 proven
7946 336 7947 336 PRP
7946 1383 7947 1383 PRP
7948 948 7949 948 PRP
7952 2085 7953 2085 PRP
7954 2715 7955 2715 proven
7958 684 7959 684 PRP
7960 1285 7961 1285 PRP
7964 34 7965 34 PRP
7964 339 7965 339 PRP
7966 465 7967 465 PRP
7966 818 7967 818 PRP
7970 1221 7971 1221 PRP
7976 388 7977 388 PRP
7978 2804 7979 2804 proven
7982 2332 7983 2332 PRP
7984 802 7985 802 PRP
7984 3274 7985 3274 proven
7992 442 7993 442 PRP
8000 2223 8001 2223 PRP
8000 3867 8001 3867 proven
8002 3331 8003 3331 proven
8008 1638 8009 1638 PRP
8014 855 8015 855 PRP
8016 903 8017 903 PRP
8020 74 8021 74 PRP
8020 1463 8021 1463 PRP
8020 1563 8021 1563 PRP
8020 1875 8021 1875 PRP
8020 2014 8021 2014 PRP
8020 2343 8021 2343 PRP
8022 3555 8023 3555 proven
8024 817 8025 817 PRP
8024 3187 8025 3187 proven
8026 1341 8027 1341 PRP
8030 2291 8031 2291 PRP
8032 3096 8033 3096 proven
8032 3405 8033 3405 proven
8034 2559 8035 2559 PRP
8038 34 8039 34 PRP
8042 2235 8043 2235 PRP
8048 1173 8049 1173 PRP
8050 1284 8051 1284 PRP
8052 3210 8053 3210 proven
8052 3555 8053 3555 proven
8054 1122 8055 1122 PRP
8054 1532 8055 1532 PRP
8054 3335 8055 3335 proven
8058 843 8059 843 PRP
8060 2399 8061 2399 PRP
8062 747 8063 747 PRP
8066 2643 8067 2643 PRP
8068 133 8069 133 PRP
8070 1996 8071 1996 PRP
8070 3430 8071 3430 proven
8080 1675 8081 1675 PRP
8082 3397 8083 3397 proven
8092 1827 8093 1827 PRP
8092 3835 8093 3835 proven
8096 3508 8097 3508 proven
8098 1543 8099 1543 PRP
8100 1684 8101 1684 PRP
8106 436 8107 436 PRP
8108 1774 8109 1774 PRP
8114 3020 8115 3020 proven
8116 2533 8117 2533 PRP
8118 2563 8119 2563 PRP
8122 2770 8123 2770 proven
8128 1949 8129 1949 PRP
8130 1130 8131 1130 PRP
8132 111 8133 111 PRP
8132 3031 8133 3031 proven
8132 3242 8133 3242 proven
8134 1264 8135 1264 PRP
8134 2830 8135 2830 proven
8136 3508 8137 3508 proven
8138 1685 8139 1685 PRP
8146 2751 8147 2751 proven
8148 3348 8149 3348 proven
8166 280 8167 280 PRP
8168 2415 8169 2415 PRP
8170 3949 8171 3949 proven
8172 826 8173 826 PRP
8176 3353 8177 3353 proven
8180 1962 8181 1962 PRP
8180 2250 8181 2250 PRP
8180 3890 8181 3890 proven
8186 368 8187 368 PRP
8186 3333 8187 3333 proven
8188 1435 8189 1435 PRP
8192 3597 8193 3597 proven
8198 2820 8199 2820 proven
8200 2838 8201 2838 proven
8206 428 8207 428 PRP
8210 1846 8211 1846 PRP
8214 3529 8215 3529 proven
8216 3783 8217 3783 proven
8218 1894 8219 1894 PRP
8218 3063 8219 3063 proven
8218 4039 8219 4039 proven
8220 3846 8221 3846 proven
8226 225 8227 225 PRP
8228 3243 8229 3243 proven
8232 436 8233 436 PRP
8232 2636 8233 2636 PRP
8234 680 8235 680 PRP
8234 1460 8235 1460 PRP
8240 1097 8241 1097 PRP
8246 368 8247 368 PRP
8246 1118 8247 1118 PRP
8246 3578 8247 3578 proven
8250 1853 8251 1853 PRP
8256 3956 8257 3956 proven
8258 834 8259 834 PRP
8260 3374 8261 3374 proven
8266 3420 8267 3420 proven
8270 3839 8271 3839 proven
8274 3452 8275 3452 proven
8276 3400 8277 3400 proven
8282 690 8283 690 PRP
8282 2802 8283 2802 proven
8282 4042 8283 4042 proven
8286 2681 8287 2681 PRP
8288 1185 8289 1185 PRP
8294 2760 8295 2760 PRP
8300 2373 8301 2373 PRP
8306 2550 8307 2550 PRP
8310 1624 8311 1624 PRP
8312 1937 8313 1937 PRP
8312 3307 8313 3307 proven
8312 3992 8313 3992 proven
8314 3034 8315 3034 proven
8316 1816 8317 1816 PRP
8318 1214 8319 1214 PRP
8320 1946 8321 1946 PRP
8324 905 8325 905 PRP
8328 3168 8329 3168 proven
8330 1067 8331 1067 PRP
8332 595 8333 595 PRP
8332 3242 8333 3242 proven
8332 3890 8333 3890 proven
8336 928 8337 928 PRP
8336 1628 8337 1628 PRP
8336 2310 8337 2310 PRP
8340 2564 8341 2564 PRP
8340 3342 8341 3342 proven
8342 2201 8343 2201 PRP
8344 92 8345 92 PRP
8344 2400 8345 2400 PRP
8350 789 8351 789 PRP
8356 3201 8357 3201 proven
8360 178 8361 178 PRP
8360 1812 8361 1812 PRP
8366 3783 8367 3783 proven
8372 315 8373 315 PRP
8376 2096 8377 2096 PRP
8378 478 8379 478 PRP
8382 3010 8383 3010 proven
8382 3195 8383 3195 proven
8388 1114 8389 1114 PRP
8388 3238 8389 3238 proven
8390 2448 8391 2448 PRP
8398 2278 8399 2278 PRP
8410 2245 8411 2245 PRP
8410 3070 8411 3070 proven
8410 3084 8411 3084 proven
8410 3988 8411 3988 proven
8414 309 8415 309 PRP
8416 288 8417 288 PRP
8416 4003 8417 4003 proven
8418 2593 8419 2593 PRP
8422 656 8423 656 PRP
8422 4052 8423 4052 proven
8424 1324 8425 1324 PRP
8426 1116 8427 1116 PRP
8428 243 8429 243 PRP
8428 1180 8429 1180 PRP
8430 201 8431 201 PRP
8430 1693 8431 1693 PRP
8430 3560 8431 3560 proven
8434 289 8435 289 PRP
8434 2954 8435 2954 proven
8436 45 8437 45 PRP
8438 1653 8439 1653 PRP
8442 245 8443 245 PRP
8448 2319 8449 2319 PRP
8450 3176 8451 3176 proven
8452 4171 8453 4171 proven
8454 2229 8455 2229 PRP
8462 3095 8463 3095 proven
8466 1501 8467 1501 PRP
8468 3213 8469 3213 proven
8470 3322 8471 3322 proven
8476 2745 8477 2745 PRP
8476 3410 8477 3410 proven
8484 1257 8485 1257 PRP
8488 818 8489 818 PRP
8496 3796 8497 3796 proven
8498 1395 8499 1395 PRP
8500 3851 8501 3851 proven
8502 521 8503 521 PRP
8504 1915 8505 1915 PRP
8506 3248 8507 3248 proven
8506 4026 8507 4026 proven
8510 1018 8511 1018 PRP
8512 1171 8513 1171 PRP
8512 1831 8513 1831 PRP
8514 255 8515 255 PRP
8514 907 8515 907 PRP
8514 3067 8515 3067 proven
8516 426 8517 426 PRP
8516 3686 8517 3686 proven
8518 1819 8519 1819 PRP
8520 2284 8521 2284 PRP
8526 1491 8527 1491 PRP
8530 1071 8531 1071 PRP
8530 1320 8531 1320 PRP
8532 3495 8533 3495 proven
8540 2906 8541 2906 proven
8540 3063 8541 3063 proven
8540 3206 8541 3206 proven
8560 2771 8561 2771 PRP
8560 3188 8561 3188 proven
8562 50 8563 50 PRP
8562 3620 8563 3620 proven
8568 3810 8569 3810 proven
8570 322 8571 322 PRP
8572 1650 8573 1650 PRP
8574 1024 8575 1024 PRP
8576 1741 8577 1741 PRP
8578 733 8579 733 PRP
8580 608 8581 608 PRP
8584 3302 8585 3302 proven
8588 505 8589 505 PRP
8594 890 8595 890 PRP
8594 1354 8595 1354 PRP
8598 2464 8599 2464 PRP
8600 1860 8601 1860 PRP
8602 751 8603 751 PRP
8602 3376 8603 3376 proven
8606 561 8607 561 PRP
8610 232 8611 232 PRP
8610 469 8611 469 PRP
8610 2867 8611 2867 PRP
8612 2701 8613 2701 PRP
8612 2942 8613 2942 proven
8616 885 8617 885 PRP
8620 1587 8621 1587 PRP
8620 3106 8621 3106 proven
8624 909 8625 909 PRP
8630 3251 8631 3251 proven
8634 669 8635 669 PRP
8636 3915 8637 3915 proven
8638 2468 8639 2468 PRP
8648 454 8649 454 PRP
8648 2789 8649 2789 PRP
8650 640 8651 640 PRP
8650 763 8651 763 PRP
8650 2104 8651 2104 PRP
8650 2884 8651 2884 proven
8654 2795 8655 2795 PRP
8656 3018 8657 3018 proven
8660 1431 8661 1431 PRP
8660 1648 8661 1648 PRP
8666 2770 8667 2770 PRP
8670 1280 8671 1280 PRP
8674 3620 8675 3620 proven
8678 875 8679 875 PRP
8678 1275 8679 1275 PRP
8680 786 8681 786 PRP
8680 1242 8681 1242 PRP
8682 2631 8683 2631 PRP
8686 403 8687 403 PRP
8688 2374 8689 2374 PRP
8690 1586 8691 1586 PRP
8690 2507 8691 2507 PRP
8690 3876 8691 3876 proven
8696 840 8697 840 PRP
8696 2496 8697 2496 PRP
8700 1848 8701 1848 PRP
8700 3336 8701 3336 proven
8704 3905 8705 3905 proven
8714 1050 8715 1050 PRP
8716 2026 8717 2026 PRP
8716 3725 8717 3725 proven
8718 423 8719 423 PRP
8720 482 8721 482 PRP
8722 211 8723 211 PRP
8724 2252 8725 2252 PRP
8728 470 8729 470 PRP
8744 1465 8745 1465 PRP
8746 2301 8747 2301 PRP
8748 4359 8749 4359 proven
8758 228 8759 228 PRP
8758 2223 8759 2223 PRP
8758 2488 8759 2488 PRP
8762 771 8763 771 PRP
8766 1745 8767 1745 PRP
8770 39 8771 39 PRP
8770 1701 8771 1701 PRP
8776 986 8777 986 PRP
8776 1293 8777 1293 PRP
8776 2308 8777 2308 PRP
8778 3943 8779 3943 proven
8780 1470 8781 1470 PRP
8782 3360 8783 3360 proven
8786 845 8787 845 PRP
8788 294 8789 294 PRP
8788 3875 8789 3875 proven
8790 37 8791 37 PRP
8790 1873 8791 1873 PRP
8792 726 8793 726 PRP
8798 2114 8799 2114 PRP
8798 3953 8799 3953 proven
8802 100 8803 100 PRP
8804 2535 8805 2535 PRP
8806 3046 8807 3046 proven
8812 486 8813 486 PRP
8812 3532 8813 3532 proven
8818 1774 8819 1774 PRP
8820 1224 8821 1224 PRP
8820 2792 8821 2792 PRP
8828 1903 8829 1903 PRP
8830 280 8831 280 PRP
8830 2337 8831 2337 PRP
8834 377 8835 377 PRP
8834 2044 8835 2044 PRP
8840 2682 8841 2682 PRP
8842 3051 8843 3051 proven
8850 3567 8851 3567 proven
8850 4051 8851 4051 proven
8854 3067 8855 3067 proven
8858 1524 8859 1524 PRP
8858 2045 8859 2045 PRP
8860 969 8861 969 PRP
8860 2389 8861 2389 PRP
8862 241 8863 241 PRP
8864 2172 8865 2172 PRP
8870 442 8871 442 PRP
8870 1116 8871 1116 PRP
8870 1499 8871 1499 PRP
8870 2387 8871 2387 PRP
8870 3885 8871 3885 proven
8874 279 8875 279 PRP
8874 1084 8875 1084 PRP
8874 2575 8875 2575 PRP
8878 1850 8879 1850 PRP
8884 4027 8885 4027 proven
8886 1025 8887 1025 PRP
8886 4408 8887 4408 proven
8888 3133 8889 3133 proven
8888 3143 8889 3143 proven
8888 4388 8889 4388 proven
8890 1292 8891 1292 PRP
8898 943 8899 943 PRP
8900 1356 8901 1356 PRP
8900 1499 8901 1499 PRP
8906 1581 8907 1581 PRP
8912 770 8913 770 PRP
8914 649 8915 649 PRP
8914 849 8915 849 PRP
8916 3918 8917 3918 proven
8924 1709 8925 1709 PRP
8932 965 8933 965 PRP
8932 2116 8933 2116 PRP
8932 3696 8933 3696 proven
8938 2648 8939 2648 PRP
8946 4045 8947 4045 proven
8948 2490 8949 2490 PRP
8950 559 8951 559 PRP
8950 3079 8951 3079 proven
8952 3000 8953 3000 proven
8956 1120 8957 1120 PRP
8956 3376 8957 3376 proven
8956 4073 8957 4073 proven
8960 1873 8961 1873 PRP
8960 3371 8961 3371 proven
8960 3648 8961 3648 proven
8966 990 8967 990 PRP
8966 1916 8967 1916 PRP
8968 1254 8969 1254 PRP
8968 1504 8969 1504 PRP
8976 1563 8977 1563 PRP
8978 648 8979 648 PRP
8984 1189 8985 1189 PRP
8988 1788 8989 1788 PRP
8990 2354 8991 2354 PRP
8992 1876 8993 1876 PRP
8994 45 8995 45 PRP
8996 1526 8997 1526 PRP
8996 4181 8997 4181 proven
9004 1212 9005 1212 PRP
9006 3195 9007 3195 proven
9008 4265 9009 4265 proven
9010 2110 9011 2110 PRP
9012 2876 9013 2876 PRP
9018 1999 9019 1999 PRP
9020 42 9021 42 PRP
9020 2504 9021 2504 PRP
9028 2988 9029 2988 PRP
9030 4286 9031 4286 proven
9032 3122 9033 3122 proven
9034 472 9035 472 PRP
9034 2994 9035 2994 PRP
9038 918 9039 918 PRP
9040 85 9041 85 PRP
9040 3283 9041 3283 proven
9044 2604 9045 2604 PRP
9044 2839 9045 2839 PRP
9044 4292 9045 4292 proven
9054 3447 9055 3447 proven
9058 69 9059 69 PRP
9062 1755 9063 1755 PRP
9062 3466 9063 3466 proven
9068 1163 9069 1163 PRP
9070 3660 9071 3660 proven
9076 110 9077 110 PRP
9076 1461 9077 1461 PRP
9080 710 9081 710 PRP
9080 1286 9081 1286 PRP
9082 1282 9083 1282 PRP
9086 1401 9087 1401 PRP
9090 4184 9091 4184 proven
9092 2812 9093 2812 PRP
9092 4390 9093 4390 proven
9094 4404 9095 4404 proven
9108 3153 9109 3153 proven
9110 1438 9111 1438 PRP
9110 4109 9111 4109 proven
9112 430 9113 430 PRP
9116 1461 9117 1461 PRP
9124 2889 9125 2889 PRP
9128 109 9129 109 PRP
9130 4183 9131 4183 proven
9130 4494 9131 4494 proven
9136 958 9137 958 PRP
9136 1095 9137 1095 PRP
9136 4501 9137 4501 proven
9138 808 9139 808 PRP
9138 2128 9139 2128 PRP
9140 2914 9141 2914 PRP
9140 3431 9141 3431 proven
9142 536 9143 536 PRP
9144 560 9145 560 PRP
9160 168 9161 168 PRP
9160 2105 9161 2105 PRP
9160 3199 9161 3199 proven
9162 505 9163 505 PRP
9164 915 9165 915 PRP
9164 3007 9165 3007 PRP
9180 1173 9181 1173 PRP
9180 1574 9181 1574 PRP
9180 3528 9181 3528 proven
9186 4391 9187 4391 proven
9188 1175 9189 1175 PRP
9190 2960 9191 2960 PRP
9196 2611 9197 2611 PRP
9198 2445 9199 2445 PRP
9200 2369 9201 2369 PRP
9204 1140 9205 1140 PRP
9208 4110 9209 4110 proven
9210 3315 9211 3315 proven
9212 3386 9213 3386 proven
9218 933 9219 933 PRP
9220 1411 9221 1411 PRP
9220 2868 9221 2868 PRP
9224 962 9225 962 PRP
9224 1834 9225 1834 PRP
9226 2288 9227 2288 PRP
9226 2996 9227 2996 PRP
9226 3945 9227 3945 proven
9232 2222 9233 2222 PRP
9234 332 9235 332 PRP
9238 558 9239 558 PRP
9240 3621 9241 3621 proven
9240 3702 9241 3702 proven
9246 1780 9247 1780 PRP
9248 1579 9249 1579 PRP
9248 2820 9249 2820 PRP
9252 652 9253 652 PRP
9254 59 9255 59 PRP
9256 1231 9257 1231 PRP
9256 4003 9257 4003 proven
9260 3529 9261 3529 proven
9268 1375 9269 1375 PRP
9268 4123 9269 4123 proven
9270 777 9271 777 PRP
9270 2583 9271 2583 PRP
9272 742 9273 742 PRP
9272 1816 9273 1816 PRP
9274 2960 9275 2960 PRP
9278 1274 9279 1274 PRP
9278 2024 9279 2024 PRP
9280 952 9281 952 PRP
9280 2189 9281 2189 PRP
9284 3562 9285 3562 proven
9290 4337 9291 4337 proven
9292 1536 9293 1536 PRP
9294 1387 9295 1387 PRP
9294 1785 9295 1785 PRP
9298 4269 9299 4269 proven
9302 456 9303 456 PRP
9304 1245 9305 1245 PRP
9310 2158 9311 2158 PRP
9320 52 9321 52 PRP
9320 974 9321 974 PRP
9320 2285 9321 2285 PRP
9320 3020 9321 3020 PRP
9320 3705 9321 3705 proven
9326 2010 9327 2010 PRP
9328 1344 9329 1344 PRP
9328 2110 9329 2110 PRP
9336 2026 9337 2026 PRP
9340 297 9341 297 PRP
9340 866 9341 866 PRP
9340 2650 9341 2650 PRP
9342 2111 9343 2111 PRP
9342 4391 9343 4391 proven
9346 901 9347 901 PRP
9348 1240 9349 1240 PRP
9348 3324 9349 3324 proven
9350 2150 9351 2150 PRP
9354 1629 9355 1629 PRP
9358 423 9359 423 PRP
9358 1819 9359 1819 PRP
9364 959 9365 959 PRP
9364 2640 9365 2640 PRP
9366 4316 9367 4316 proven
9370 2914 9371 2914 PRP
9370 3296 9371 3296 proven
9374 869 9375 869 PRP
9378 2350 9379 2350 PRP
9378 2525 9379 2525 PRP
9380 2483 9381 2483 PRP
9382 817 9383 817 PRP
9388 2218 9389 2218 PRP
9394 1377 9395 1377 PRP
9396 2361 9397 2361 PRP
9400 2208 9401 2208 PRP
9400 3696 9401 3696 proven
9402 917 9403 917 PRP
9408 810 9409 810 PRP
9410 287 9411 287 PRP
9410 2438 9411 2438 PRP
9410 3084 9411 3084 PRP
9418 1948 9419 1948 PRP
9418 4338 9419 4338 proven
9422 1302 9423 1302 PRP
9424 3864 9425 3864 proven
9426 58 9427 58 PRP
9426 3848 9427 3848 proven
9428 1309 9429 1309 PRP
9428 1914 9429 1914 PRP
9428 2414 9429 2414 PRP
9430 4423 9431 4423 proven
9432 4080 9433 4080 proven
9434 3612 9435 3612 proven
9436 663 9437 663 PRP
9440 1270 9441 1270 PRP
9440 2779 9441 2779 PRP
9442 331 9443 331 PRP
9452 1707 9453 1707 PRP
9452 2216 9453 2216 PRP
9456 2720 9457 2720 PRP
9460 3385 9461 3385 proven
9466 418 9467 418 PRP
9466 2451 9467 2451 PRP
9466 4525 9467 4525 proven
9470 540 9471 540 PRP
9470 3519 9471 3519 proven
9474 290 9475 290 PRP
9480 3147 9481 3147 PRP
9486 2021 9487 2021 PRP
9486 3196 9487 3196 proven
9490 3730 9491 3730 proven
9492 1222 9493 1222 PRP
9496 1763 9497 1763 PRP
9498 2355 9499 2355 PRP
9504 550 9505 550 PRP
9506 1173 9507 1173 PRP
9506 3831 9507 3831 proven
9508 4573 9509 4573 proven
9510 1149 9511 1149 PRP
9510 2228 9511 2228 PRP
9514 1165 9515 1165 PRP
9516 2428 9517 2428 PRP
9520 3393 9521 3393 proven
9520 4297 9521 4297 proven
9528 318 9529 318 PRP
9530 130 9531 130 PRP
9534 4160 9535 4160 proven
9536 3408 9537 3408 proven
9540 3722 9541 3722 proven
9540 4202 9541 4202 proven
9542 2445 9543 2445 PRP
9548 1948 9549 1948 PRP
9560 3436 9561 3436 proven
9566 4125 9567 4125 proven
9570 1117 9571 1117 PRP
9570 3153 9571 3153 PRP
9578 639 9579 639 PRP
9580 3778 9581 3778 proven
9584 1834 9585 1834 PRP
9590 3533 9591 3533 proven
9592 2827 9593 2827 PRP
9598 1623 9599 1623 PRP
9598 4450 9599 4450 proven
9602 2912 9603 2912 PRP
9606 718 9607 718 PRP
9606 1581 9607 1581 PRP
9610 4135 9611 4135 proven
9610 4659 9611 4659 proven
9612 686 9613 686 PRP
9616 3383 9617 3383 proven
9626 2710 9627 2710 PRP
9630 3749 9631 3749 proven
9632 1142 9633 1142 PRP
9640 384 9641 384 PRP
9642 2290 9643 2290 PRP
9656 2343 9657 2343 PRP
9656 2600 9657 2600 PRP
9660 2284 9661 2284 PRP
9666 2835 9667 2835 PRP
9668 2110 9669 2110 PRP
9668 4825 9669 4825 proven
9670 553 9671 553 PRP
9676 1483 9677 1483 PRP
9676 3218 9677 3218 PRP
9678 2998 9679 2998 PRP
9680 1169 9681 1169 PRP
9680 1537 9681 1537 PRP
9682 3775 9683 3775 proven
9688 789 9689 789 PRP
9704 1294 9705 1294 PRP
9704 3115 9705 3115 PRP
9706 301 9707 301 PRP
9710 879 9711 879 PRP
9710 2066 9711 2066 PRP
9712 3577 9713 3577 proven
9712 4625 9713 4625 proven
9714 879 9715 879 PRP
9716 4350 9717 4350 proven
9718 4503 9719 4503 proven
9724 39 9725 39 PRP
9724 4410 9725 4410 proven
9726 2573 9727 2573 PRP
9726 3085 9727 3085 PRP
9730 4623 9731 4623 proven
9736 1278 9737 1278 PRP
9738 4778 9739 4778 proven
9742 2492 9743 2492 PRP
9750 399 9751 399 PRP
9764 1164 9765 1164 PRP
9764 1484 9765 1484 PRP
9764 4447 9765 4447 proven
9768 2840 9769 2840 PRP
9770 1499 9771 1499 PRP
9770 2459 9771 2459 PRP
9780 3550 9781 3550 proven
9782 4586 9783 4586 proven
9786 4058 9787 4058 proven
9788 2468 9789 2468 PRP
9788 4175 9789 4175 proven
9790 1783 9791 1783 PRP
9794 1892 9795 1892 PRP
9796 2071 9797 2071 PRP
9796 3508 9797 3508 proven
9800 469 9801 469 PRP
9800 1033 9801 1033 PRP
9800 4768 9801 4768 proven
9804 982 9805 982 PRP
9806 1575 9807 1575 PRP
9806 2825 9807 2825 PRP
9810 63 9811 63 PRP
9810 1624 9811 1624 PRP
9820 1812 9821 1812 PRP
9820 3716 9821 3716 proven
9820 4152 9821 4152 proven
9824 1384 9825 1384 PRP
9828 4380 9829 4380 proven
9830 3208 9831 3208 PRP
9830 3240 9831 3240 PRP
9842 886 9843 886 PRP
9842 3520 9843 3520 proven
9846 4911 9847 4911 proven
9848 3594 9849 3594 proven
9850 1194 9851 1194 PRP
9850 2319 9851 2319 PRP
9852 3192 9853 3192 PRP
9856 863 9857 863 PRP
9856 2375 9857 2375 PRP
9858 3293 9859 3293 proven
9860 1427 9861 1427 PRP
9864 579 9865 579 PRP
9866 4046 9867 4046 proven
9868 1449 9869 1449 PRP
9868 3405 9869 3405 proven
9872 1162 9873 1162 PRP
9872 4277 9873 4277 proven
9878 2568 9879 2568 PRP
9886 1346 9887 1346 PRP
9888 3369 9889 3369 proven
9888 4364 9889 4364 proven
9890 290 9891 290 PRP
9890 1988 9891 1988 PRP
9892 837 9893 837 PRP
9892 2732 9893 2732 PRP
9892 3252 9893 3252 PRP
9892 4885 9893 4885 proven
9896 2816 9897 2816 PRP
9902 330 9903 330 PRP
9904 990 9905 990 PRP
9912 4446 9913 4446 proven
9916 2790 9917 2790 PRP
9916 2928 9917 2928 PRP
9922 1432 9923 1432 PRP
9922 3717 9923 3717 proven
9924 2200 9925 2200 PRP
9928 1044 9929 1044 PRP
9928 3790 9929 3790 proven
9930 305 9931 305 PRP
9940 4074 9941 4074 proven
9954 2609 9955 2609 PRP
9954 4352 9955 4352 proven
9956 30 9957 30 PRP
9956 4168 9957 4168 proven
9956 4170 9957 4170 proven
9958 3685 9959 3685 proven
9970 945 9971 945 PRP
9970 2220 9971 2220 PRP
9970 3657 9971 3657 proven
9976 3235 9977 3235 PRP
9978 1419 9979 1419 PRP
9982 80 9983 80 PRP
9982 3612 9983 3612 proven
9988 2519 9989 2519 PRP
9990 945 9991 945 PRP
9990 3197 9991 3197 PRP
9990 3326 9991 3326 PRP
9992 342 9993 342 PRP
9994 44 9995 44 PRP
9994 2665 9995 2665 PRP
9994 3680 9995 3680 proven
9996 258 9997 258 PRP
9998 2403 9999 2403 PRP
10000 4788 10001 4788 proven
