1 40
2 44
3 52
4 62
5 68
6 76
7 80
8 82
9 88
10 90
11 92
12 94
13 100
14 104
15 106
16 112
17 122
18 124
19 126
20 140
21 142
22 146
23 150
24 158
25 160
26 164
27 172
28 174
29 180
30 182
31 184
32 188
33 190
34 194
35 196
36 198
37 200
38 210
39 214
40 216
41 220
42 222
43 224
44 226
45 232
46 234
47 244
48 256
49 258
50 260
51 266
52 270
53 272
54 276
55 280
56 286
57 290
58 292
59 302
60 304
61 306
62 308
63 310
64 314
65 316
66 318
67 320
68 322
69 328
70 334
71 336
72 340
73 342
74 346
75 350
76 364
77 370
78 374
79 376
80 378
81 380
82 388
83 390
84 396
85 398
86 400
87 404
88 406
89 408
90 412
91 414
92 416
93 418
94 420
95 422
96 424
97 428
98 430
99 434
100 436
101 438
102 442
103 446
104 452
105 460
106 474
107 476
108 484
109 490
110 494
111 496
112 498
113 500
114 502
115 508
116 510
117 516
118 520
119 524
120 526
121 530
122 532
123 534
124 544
125 546
126 550
127 552
128 556
129 560
130 566
131 568
132 578
133 580
134 584
135 586
136 590
137 598
138 600
139 602
140 606
141 610
142 616
143 618
144 620
145 628
146 634
147 638
148 640
149 650
150 658
151 660
152 662
153 666
154 676
155 680
156 682
157 684
158 688
159 700
160 702
161 704
162 706
163 708
164 710
165 712
166 716
167 720
168 728
169 738
170 740
171 742
172 744
173 746
174 748
175 750
176 754
177 756
178 764
179 770
180 776
181 778
182 780
183 784
184 786
185 788
186 790
187 792
188 798
189 800
190 804
191 810
192 818
193 820
194 834
195 836
196 840
197 844
198 850
199 856
200 860
201 870
202 872
203 878
204 880
205 888
206 890
207 892
208 898
209 902
210 910
211 912
212 916
213 918
214 920
215 922
216 926
217 930
218 940
219 944
220 946
221 950
222 952
223 954
224 956
225 960
226 964
227 966
228 972
229 976
230 980
231 982
232 984
233 994
234 998
235 1002
236 1004
237 1010
238 1012
239 1026
240 1030
241 1034
242 1040
243 1050
244 1052
245 1056
246 1058
247 1060
248 1064
249 1066
250 1068
251 1070
252 1074
253 1076
254 1080
255 1082
256 1084
257 1088
258 1090
259 1092
260 1094
261 1100
262 1102
263 1104
264 1106
265 1126
266 1128
267 1130
268 1134
269 1140
270 1144
271 1146
272 1148
273 1150
274 1154
275 1156
276 1160
277 1162
278 1164
279 1172
280 1174
281 1180
282 1182
283 1188
284 1190
285 1192
286 1194
287 1196
288 1200
289 1202
290 1204
291 1206
292 1210
293 1212
294 1214
295 1216
296 1218
297 1220
298 1228
299 1230
300 1232
301 1234
302 1236
303 1240
304 1246
305 1248
306 1250
307 1254
308 1256
309 1258
310 1260
311 1264
312 1266
313 1268
314 1270
315 1276
316 1280
317 1288
318 1292
319 1296
320 1298
321 1302
322 1304
323 1308
324 1310
325 1314
326 1316
327 1322
328 1324
329 1326
330 1328
331 1330
332 1332
333 1334
334 1336
335 1344
336 1346
337 1348
338 1352
339 1354
340 1356
341 1358
342 1360
343 1364
344 1370
345 1372
346 1378
347 1386
348 1388
349 1392
350 1400
351 1406
352 1410
353 1414
354 1420
355 1422
356 1428
357 1430
358 1432
359 1436
360 1438
361 1444
362 1446
363 1454
364 1456
365 1460
366 1466
367 1468
368 1474
369 1480
370 1482
371 1484
372 1486
373 1492
374 1494
375 1498
376 1500
377 1508
378 1510
379 1516
380 1520
381 1522
382 1524
383 1526
384 1528
385 1532
386 1546
387 1548
388 1550
389 1558
390 1564
391 1566
392 1568
393 1576
394 1578
395 1580
396 1586
397 1588
398 1590
399 1594
400 1596
401 1600
402 1602
403 1604
404 1606
405 1610
406 1618
407 1624
408 1632
409 1636
410 1642
411 1646
412 1648
413 1650
414 1652
415 1654
416 1662
417 1664
418 1666
419 1670
420 1672
421 1674
422 1678
423 1680
424 1682
425 1688
426 1692
427 1694
428 1700
429 1704
430 1706
431 1710
432 1712
433 1714
434 1718
435 1724
436 1728
437 1732
438 1740
439 1742
440 1744
441 1746
442 1750
443 1752
444 1756
445 1762
446 1764
447 1766
448 1770
449 1772
450 1774
451 1782
452 1784
453 1786
454 1792
455 1794
456 1796
457 1798
458 1802
459 1804
460 1806
461 1808
462 1820
463 1830
464 1832
465 1842
466 1844
467 1846
468 1850
469 1856
470 1860
471 1864
472 1866
473 1868
474 1874
475 1878
476 1880
477 1882
478 1890
479 1898
480 1900
481 1910
482 1912
483 1916
484 1918
485 1920
486 1924
487 1932
488 1936
489 1940
490 1944
491 1946
492 1952
493 1954
494 1964
495 1966
496 1968
497 1976
498 1978
499 1980
500 1988
501 1990
502 1998
503 2000
504 2004
505 2008
506 2016
507 2020
508 2024
509 2026
510 2040
511 2042
512 2044
513 2050
514 2060
515 2066
516 2072
517 2076
518 2082
519 2088
520 2092
521 2094
522 2096
523 2098
524 2110
525 2116
526 2120
527 2122
528 2128
529 2130
530 2134
531 2140
532 2144
533 2146
534 2150
535 2156
536 2160
537 2168
538 2170
539 2172
540 2176
541 2182
542 2184
543 2186
544 2200
545 2202
546 2206
547 2210
548 2212
549 2214
550 2216
551 2222
552 2228
553 2230
554 2232
555 2234
556 2238
557 2240
558 2250
559 2254
560 2258
561 2260
562 2262
563 2264
564 2270
565 2272
566 2278
567 2280
568 2282
569 2286
570 2290
571 2306
572 2310
573 2312
574 2316
575 2320
576 2322
577 2324
578 2328
579 2332
580 2338
581 2340
582 2348
583 2350
584 2352
585 2356
586 2358
587 2360
588 2362
589 2364
590 2366
591 2368
592 2378
593 2380
594 2384
595 2390
596 2396
597 2400
598 2402
599 2408
600 2418
601 2420
602 2424
603 2426
604 2428
605 2438
606 2440
607 2444
608 2446
609 2450
610 2452
611 2454
612 2460
613 2462
614 2468
615 2470
616 2474
617 2480
618 2484
619 2486
620 2494
621 2496
622 2498
623 2500
624 2504
625 2506
626 2530
627 2532
628 2534
629 2536
630 2540
631 2552
632 2554
633 2558
634 2560
635 2562
636 2566
637 2570
638 2572
639 2574
640 2582
641 2584
642 2598
643 2610
644 2612
645 2620
646 2622
647 2626
648 2630
649 2632
650 2634
651 2636
652 2652
653 2656
654 2660
655 2666
656 2670
657 2672
658 2674
659 2678
660 2680
661 2684
662 2690
663 2692
664 2698
665 2702
666 2704
667 2710
668 2714
669 2716
670 2718
671 2720
672 2726
673 2728
674 2730
675 2738
676 2740
677 2744
678 2748
679 2754
680 2756
681 2762
682 2766
683 2770
684 2772
685 2776
686 2780
687 2782
688 2784
689 2786
690 2788
691 2792
692 2800
693 2802
694 2810
695 2812
696 2814
697 2820
698 2822
699 2828
700 2830
701 2834
702 2836
703 2838
704 2840
705 2844
706 2846
707 2848
708 2850
709 2852
710 2860
711 2864
712 2866
713 2868
714 2870
715 2872
716 2880
717 2882
718 2884
719 2888
720 2890
721 2894
722 2904
723 2908
724 2910
725 2912
726 2914
727 2920
728 2922
729 2928
730 2934
731 2936
732 2938
733 2952
734 2954
735 2960
736 2962
737 2970
738 2972
739 2974
740 2976
741 2982
742 2986
743 2990
744 2994
745 3002
746 3006
747 3008
748 3010
749 3014
750 3016
751 3022
752 3028
753 3032
754 3034
755 3038
756 3040
757 3042
758 3044
759 3046
760 3050
761 3054
762 3056
763 3058
764 3060
765 3066
766 3068
767 3070
768 3080
769 3088
770 3090
771 3098
772 3102
773 3110
774 3114
775 3116
776 3118
777 3122
778 3124
779 3126
780 3130
781 3134
782 3136
783 3138
784 3140
785 3142
786 3148
787 3150
788 3152
789 3156
790 3162
791 3164
792 3166
793 3178
794 3180
795 3182
796 3186
797 3188
798 3190
799 3192
800 3194
801 3196
802 3202
803 3204
804 3206
805 3210
806 3212
807 3214
808 3218
809 3220
810 3224
811 3226
812 3228
813 3230
814 3238
815 3240
816 3242
817 3246
818 3250
819 3252
820 3254
821 3260
822 3268
823 3272
824 3274
825 3278
826 3286
827 3290
828 3298
829 3304
830 3310
831 3312
832 3314
833 3320
834 3322
835 3326
836 3330
837 3332
838 3334
839 3336
840 3338
841 3340
842 3342
843 3344
844 3346
845 3348
846 3350
847 3352
848 3354
849 3356
850 3362
851 3368
852 3370
853 3374
854 3380
855 3382
856 3388
857 3390
858 3400
859 3402
860 3408
861 3410
862 3412
863 3414
864 3416
865 3420
866 3422
867 3424
868 3430
869 3440
870 3442
871 3446
872 3450
873 3464
874 3468
875 3470
876 3472
877 3474
878 3488
879 3490
880 3494
881 3498
882 3500
883 3502
884 3506
885 3510
886 3514
887 3516
888 3526
889 3528
890 3532
891 3536
892 3538
893 3550
894 3554
895 3558
896 3560
897 3562
898 3566
899 3568
900 3578
901 3580
902 3584
903 3586
904 3588
905 3594
906 3596
907 3600
908 3602
909 3604
910 3612
911 3620
912 3626
913 3628
914 3630
915 3632
916 3636
917 3640
918 3644
919 3648
920 3650
921 3656
922 3658
923 3664
924 3668
925 3672
926 3680
927 3686
928 3688
929 3690
930 3692
931 3698
932 3700
933 3702
934 3704
935 3708
936 3712
937 3714
938 3716
939 3718
940 3722
941 3724
942 3730
943 3734
944 3746
945 3748
946 3750
947 3752
948 3760
949 3770
950 3776
951 3780
952 3782
953 3786
954 3790
955 3794
956 3798
957 3800
958 3806
959 3810
960 3814
961 3816
962 3818
963 3820
964 3836
965 3838
966 3842
967 3848
968 3850
969 3854
970 3860
971 3862
972 3864
973 3866
974 3868
975 3870
976 3872
977 3874
978 3880
979 3890
980 3892
981 3894
982 3898
983 3902
984 3910
985 3914
986 3916
987 3918
988 3920
989 3922
990 3924
991 3926
992 3928
993 3930
994 3932
995 3938
996 3940
997 3944
998 3946
999 3950
1000 3954
1001 3956
1002 3958
1003 3964
1004 3970
1005 3984
1006 3992
1007 3994
1008 3996
1009 4008
1010 4010
1011 4014
1012 4020
1013 4024
1014 4028
1015 4032
1016 4034
1017 4036
1018 4038
1019 4040
1020 4042
1021 4046
1022 4050
1023 4060
1024 4062
1025 4064
1026 4066
1027 4068
1028 4070
1029 4072
1030 4080
1031 4082
1032 4084
1033 4088
1034 4092
1035 4098
1036 4110
1037 4114
1038 4120
1039 4136
1040 4140
1041 4144
1042 4146
1043 4148
1044 4150
1045 4152
1046 4156
1047 4158
1048 4162
1049 4168
1050 4170
1051 4172
1052 4176
1053 4178
1054 4180
1055 4192
1056 4194
1057 4202
1058 4204
1059 4210
1060 4212
1061 4214
1062 4218
1063 4220
1064 4222
1065 4224
1066 4234
1067 4238
1068 4244
1069 4246
1070 4250
1071 4256
1072 4258
1073 4260
1074 4266
1075 4268
1076 4270
1077 4280
1078 4284
1079 4290
1080 4292
1081 4294
1082 4298
1083 4300
1084 4302
1085 4304
1086 4308
1087 4312
1088 4314
1089 4318
1090 4326
1091 4338
1092 4340
1093 4342
1094 4352
1095 4354
1096 4358
1097 4364
1098 4366
1099 4372
1100 4378
1101 4380
1102 4382
1103 4390
1104 4396
1105 4402
1106 4406
1107 4410
1108 4418
1109 4420
1110 4428
1111 4430
1112 4438
1113 4440
1114 4444
1115 4448
1116 4450
1117 4462
1118 4470
1119 4472
1120 4474
1121 4490
1122 4494
1123 4496
1124 4500
1125 4506
1126 4512
1127 4514
1128 4518
1129 4522
1130 4526
1131 4528
1132 4530
1133 4534
1134 4538
1135 4540
1136 4544
1137 4546
1138 4548
1139 4550
1140 4552
1141 4554
1142 4560
1143 4564
1144 4576
1145 4578
1146 4582
1147 4584
1148 4590
1149 4592
1150 4596
1151 4598
1152 4600
1153 4602
1154 4604
1155 4606
1156 4608
1157 4610
1158 4614
1159 4622
1160 4624
1161 4626
1162 4628
1163 4630
1164 4636
1165 4640
1166 4642
1167 4646
1168 4648
1169 4652
1170 4656
1171 4658
1172 4660
1173 4662
1174 4664
1175 4670
1176 4672
1177 4678
1178 4682
1179 4686
1180 4698
1181 4708
1182 4710
1183 4716
1184 4722
1185 4724
1186 4728
1187 4732
1188 4740
1189 4748
1190 4750
1191 4752
1192 4760
1193 4762
1194 4770
1195 4772
1196 4774
1197 4776
1198 4780
1199 4782
1200 4786
1201 4788
1202 4790
1203 4792
1204 4796
1205 4798
1206 4810
1207 4812
1208 4814
1209 4816
1210 4820
1211 4824
1212 4826
1213 4832
1214 4838
1215 4840
1216 4842
1217 4846
1218 4850
1219 4852
1220 4864
1221 4866
1222 4870
1223 4876
1224 4880
1225 4886
1226 4890
1227 4892
1228 4898
1229 4902
1230 4906
1231 4910
1232 4914
1233 4920
1234 4928
1235 4932
1236 4936
1237 4938
1238 4948
1239 4950
1240 4952
1241 4956
1242 4960
1243 4962
1244 4964
1245 4968
1246 4970
1247 4976
1248 4978
1249 4980
1250 4982
1251 4984
1252 4990
1253 4994
1254 5002
1255 5008
1256 5010
1257 5012
1258 5016
1259 5020
1260 5022
1261 5026
1262 5028
1263 5030
1264 5032
1265 5036
1266 5038
1267 5046
1268 5050
1269 5052
1270 5054
1271 5062
1272 5066
1273 5068
1274 5070
1275 5072
1276 5074
1277 5076
1278 5080
1279 5082
1280 5084
1281 5086
1282 5090
1283 5092
1284 5094
1285 5100
1286 5104
1287 5106
1288 5108
1289 5110
1290 5114
1291 5118
1292 5120
1293 5122
1294 5130
1295 5132
1296 5136
1297 5140
1298 5148
1299 5150
1300 5154
1301 5156
1302 5160
1303 5162
1304 5168
1305 5170
1306 5174
1307 5176
1308 5182
1309 5184
1310 5186
1311 5188
1312 5190
1313 5192
1314 5196
1315 5198
1316 5202
1317 5208
1318 5210
1319 5216
1320 5224
1321 5228
1322 5234
1323 5244
1324 5250
1325 5258
1326 5260
1327 5262
1328 5268
1329 5270
1330 5272
1331 5274
1332 5276
1333 5278
1334 5282
1335 5284
1336 5290
1337 5292
1338 5294
1339 5298
1340 5300
1341 5302
1342 5306
1343 5312
1344 5316
1345 5318
1346 5338
1347 5342
1348 5348
1349 5356
1350 5360
1351 5362
1352 5366
1353 5370
1354 5374
1355 5376
1356 5380
1357 5390
1358 5392
1359 5396
1360 5400
1361 5404
1362 5410
1363 5420
1364 5422
1365 5426
1366 5428
1367 5430
1368 5436
1369 5440
1370 5448
1371 5450
1372 5452
1373 5454
1374 5458
1375 5462
1376 5466
1377 5468
1378 5470
1379 5474
1380 5478
1381 5482
1382 5486
1383 5488
1384 5490
1385 5494
1386 5504
1387 5506
1388 5510
1389 5512
1390 5520
1391 5524
1392 5530
1393 5532
1394 5534
1395 5536
1396 5540
1397 5544
1398 5546
1399 5554
1400 5556
1401 5560
1402 5562
1403 5564
1404 5578
1405 5580
1406 5582
1407 5584
1408 5594
1409 5604
1410 5610
1411 5612
1412 5614
1413 5618
1414 5620
1415 5626
1416 5630
1417 5632
1418 5640
1419 5642
1420 5648
1421 5650
1422 5652
1423 5654
1424 5658
1425 5660
1426 5672
1427 5678
1428 5680
1429 5684
1430 5686
1431 5698
1432 5704
1433 5706
1434 5710
1435 5720
1436 5726
1437 5728
1438 5732
1439 5734
1440 5736
1441 5740
1442 5746
1443 5748
1444 5752
1445 5756
1446 5758
1447 5760
1448 5762
1449 5772
1450 5774
1451 5776
1452 5786
1453 5788
1454 5790
1455 5792
1456 5798
1457 5804
1458 5806
1459 5810
1460 5812
1461 5814
1462 5834
1463 5836
1464 5838
1465 5840
1466 5842
1467 5844
1468 5846
1469 5850
1470 5852
1471 5854
1472 5856
1473 5858
1474 5860
1475 5870
1476 5874
1477 5876
1478 5884
1479 5886
1480 5888
1481 5900
1482 5902
1483 5908
1484 5910
1485 5912
1486 5914
1487 5916
1488 5918
1489 5920
1490 5926
1491 5928
1492 5930
1493 5932
1494 5934
1495 5936
1496 5940
1497 5944
1498 5946
1499 5954
1500 5956
1501 5962
1502 5968
1503 5970
1504 5972
1505 5980
1506 5982
1507 5984
1508 5990
1509 5992
1510 5996
1511 6006
1512 6010
1513 6012
1514 6014
1515 6016
1516 6018
1517 6020
1518 6022
1519 6024
1520 6030
1521 6032
1522 6034
1523 6038
1524 6040
1525 6048
1526 6050
1527 6052
1528 6054
1529 6056
1530 6060
1531 6068
1532 6070
1533 6072
1534 6076
1535 6080
1536 6086
1537 6088
1538 6090
1539 6092
1540 6096
1541 6100
1542 6104
1543 6106
1544 6110
1545 6112
1546 6116
1547 6118
1548 6120
1549 6128
1550 6130
1551 6132
1552 6134
1553 6142
1554 6146
1555 6148
1556 6150
1557 6152
1558 6154
1559 6158
1560 6160
1561 6162
1562 6164
1563 6172
1564 6174
1565 6178
1566 6180
1567 6188
1568 6194
1569 6200
1570 6206
1571 6208
1572 6210
1573 6212
1574 6220
1575 6222
1576 6228
1577 6230
1578 6236
1579 6238
1580 6240
1581 6244
1582 6248
1583 6260
1584 6266
1585 6270
1586 6272
1587 6274
1588 6278
1589 6280
1590 6282
1591 6286
1592 6292
1593 6296
1594 6300
1595 6306
1596 6310
1597 6314
1598 6316
1599 6318
1600 6320
1601 6322
1602 6326
1603 6328
1604 6334
1605 6342
1606 6344
1607 6350
1608 6354
1609 6356
1610 6360
1611 6362
1612 6364
1613 6368
1614 6370
1615 6372
1616 6380
1617 6382
1618 6388
1619 6390
1620 6392
1621 6394
1622 6396
1623 6398
1624 6400
1625 6410
1626 6412
1627 6416
1628 6420
1629 6424
1630 6426
1631 6432
1632 6436
1633 6440
1634 6448
1635 6450
1636 6458
1637 6464
1638 6466
1639 6470
1640 6482
1641 6484
1642 6486
1643 6492
1644 6502
1645 6506
1646 6508
1647 6510
1648 6512
1649 6520
1650 6526
1651 6528
1652 6530
1653 6532
1654 6540
1655 6544
1656 6552
1657 6554
1658 6558
1659 6560
1660 6572
1661 6574
1662 6578
1663 6588
1664 6590
1665 6602
1666 6604
1667 6606
1668 6608
1669 6610
1670 6612
1671 6614
1672 6618
1673 6620
1674 6622
1675 6626
1676 6628
1677 6630
1678 6652
1679 6660
1680 6668
1681 6670
1682 6674
1683 6676
1684 6680
1685 6682
1686 6690
1687 6696
1688 6698
1689 6700
1690 6710
1691 6720
1692 6732
1693 6742
1694 6750
1695 6752
1696 6756
1697 6760
1698 6762
1699 6768
1700 6770
1701 6774
1702 6780
1703 6790
1704 6794
1705 6798
1706 6802
1707 6808
1708 6810
1709 6812
1710 6814
1711 6818
1712 6820
1713 6822
1714 6826
1715 6836
1716 6840
1717 6842
1718 6844
1719 6848
1720 6850
1721 6854
1722 6856
1723 6858
1724 6860
1725 6868
1726 6872
1727 6880
1728 6892
1729 6894
1730 6898
1731 6900
1732 6902
1733 6904
1734 6910
1735 6914
1736 6916
1737 6926
1738 6930
1739 6932
1740 6934
1741 6936
1742 6938
1743 6940
1744 6944
1745 6946
1746 6952
1747 6954
1748 6956
1749 6970
1750 6972
1751 6980
1752 6982
1753 6984
1754 6990
1755 6992
1756 6994
1757 6996
1758 6998
1759 7000
1760 7004
1761 7016
1762 7020
1763 7022
1764 7024
1765 7026
1766 7028
1767 7030
1768 7040
1769 7042
1770 7050
1771 7054
1772 7058
1773 7060
1774 7070
1775 7072
1776 7078
1777 7082
1778 7086
1779 7090
1780 7098
1781 7100
1782 7102
1783 7110
1784 7114
1785 7124
1786 7126
1787 7128
1788 7130
1789 7136
1790 7140
1791 7146
1792 7148
1793 7154
1794 7156
1795 7158
1796 7160
1797 7168
1798 7170
1799 7172
1800 7174
1801 7180
1802 7184
1803 7188
1804 7190
1805 7194
1806 7198
1807 7202
1808 7204
1809 7212
1810 7214
1811 7216
1812 7220
1813 7224
1814 7228
1815 7230
1816 7234
1817 7238
1818 7244
1819 7246
1820 7250
1821 7252
1822 7266
1823 7268
1824 7270
1825 7272
1826 7276
1827 7280
1828 7282
1829 7284
1830 7288
1831 7296
1832 7298
1833 7300
1834 7302
1835 7306
1836 7308
1837 7310
1838 7312
1839 7314
1840 7318
1841 7320
1842 7322
1843 7324
1844 7326
1845 7328
1846 7340
1847 7342
1848 7350
1849 7352
1850 7358
1851 7360
1852 7370
1853 7372
1854 7376
1855 7382
1856 7388
1857 7390
1858 7398
1859 7400
1860 7402
1861 7406
1862 7416
1863 7418
1864 7420
1865 7430
1866 7434
1867 7436
1868 7438
1869 7440
1870 7442
1871 7446
1872 7450
1873 7452
1874 7462
1875 7470
1876 7472
1877 7480
1878 7482
1879 7484
1880 7490
1881 7498
1882 7500
1883 7502
1884 7504
1885 7508
1886 7526
1887 7532
1888 7538
1889 7540
1890 7542
1891 7544
1892 7546
1893 7548
1894 7554
1895 7560
1896 7562
1897 7564
1898 7566
1899 7570
1900 7572
1901 7576
1902 7580
1903 7582
1904 7584
1905 7586
1906 7590
1907 7592
1908 7598
1909 7600
1910 7602
1911 7604
1912 7606
1913 7608
1914 7610
1915 7612
1916 7616
1917 7618
1918 7620
1919 7624
1920 7630
1921 7634
1922 7638
1923 7640
1924 7642
1925 7650
1926 7654
1927 7656
1928 7658
1929 7660
1930 7664
1931 7668
1932 7670
1933 7674
1934 7676
1935 7678
1936 7680
1937 7684
1938 7686
1939 7696
1940 7700
1941 7706
1942 7710
1943 7712
1944 7714
1945 7722
1946 7724
1947 7730
1948 7732
1949 7738
1950 7740
1951 7744
1952 7746
1953 7748
1954 7750
1955 7754
1956 7758
1957 7760
1958 7762
1959 7768
1960 7780
1961 7796
1962 7800
1963 7804
1964 7806
1965 7814
1966 7820
1967 7822
1968 7824
1969 7828
1970 7830
1971 7832
1972 7834
1973 7836
1974 7838
1975 7844
1976 7846
1977 7848
1978 7850
1979 7852
1980 7856
1981 7858
1982 7862
1983 7866
1984 7868
1985 7870
1986 7874
1987 7876
1988 7880
1989 7886
1990 7888
1991 7892
1992 7894
1993 7896
1994 7900
1995 7904
1996 7906
1997 7910
1998 7920
1999 7922
2000 7926
2001 7928
2002 7938
2003 7940
2004 7946
2005 7948
2006 7952
2007 7954
2008 7958
2009 7960
2010 7964
2011 7966
2012 7970
2013 7976
2014 7978
2015 7982
2016 7984
2017 7992
2018 8000
2019 8002
2020 8008
2021 8014
2022 8016
2023 8020
2024 8022
2025 8024
2026 8026
2027 8030
2028 8032
2029 8034
2030 8038
2031 8042
2032 8048
2033 8050
2034 8052
2035 8054
2036 8058
2037 8060
2038 8062
2039 8066
2040 8068
2041 8070
2042 8080
2043 8082
2044 8092
2045 8096
2046 8098
2047 8100
2048 8106
2049 8108
2050 8114
2051 8116
2052 8118
2053 8122
2054 8128
2055 8130
2056 8132
2057 8134
2058 8136
2059 8138
2060 8146
2061 8148
2062 8166
2063 8168
2064 8170
2065 8172
2066 8176
2067 8180
2068 8186
2069 8188
2070 8192
2071 8198
2072 8200
2073 8206
2074 8210
2075 8214
2076 8216
2077 8218
2078 8220
2079 8226
2080 8228
2081 8232
2082 8234
2083 8240
2084 8246
2085 8250
2086 8256
2087 8258
2088 8260
2089 8266
2090 8270
2091 8274
2092 8276
2093 8282
2094 8286
2095 8288
2096 8294
2097 8300
2098 8306
2099 8310
2100 8312
2101 8314
2102 8316
2103 8318
2104 8320
2105 8324
2106 8328
2107 8330
2108 8332
2109 8336
2110 8340
2111 8342
2112 8344
2113 8350
2114 8356
2115 8360
2116 8366
2117 8372
2118 8376
2119 8378
2120 8382
2121 8388
2122 8390
2123 8398
2124 8410
2125 8414
2126 8416
2127 8418
2128 8422
2129 8424
2130 8426
2131 8428
2132 8430
2133 8434
2134 8436
2135 8438
2136 8442
2137 8448
2138 8450
2139 8452
2140 8454
2141 8462
2142 8466
2143 8468
2144 8470
2145 8476
2146 8484
2147 8488
2148 8496
2149 8498
2150 8500
2151 8502
2152 8504
2153 8506
2154 8510
2155 8512
2156 8514
2157 8516
2158 8518
2159 8520
2160 8526
2161 8530
2162 8532
2163 8540
2164 8560
2165 8562
2166 8568
2167 8570
2168 8572
2169 8574
2170 8576
2171 8578
2172 8580
2173 8584
2174 8588
2175 8594
2176 8598
2177 8600
2178 8602
2179 8606
2180 8610
2181 8612
2182 8616
2183 8620
2184 8624
2185 8630
2186 8634
2187 8636
2188 8638
2189 8648
2190 8650
2191 8654
2192 8656
2193 8660
2194 8666
2195 8670
2196 8674
2197 8678
2198 8680
2199 8682
2200 8686
2201 8688
2202 8690
2203 8696
2204 8700
2205 8704
2206 8714
2207 8716
2208 8718
2209 8720
2210 8722
2211 8724
2212 8728
2213 8744
2214 8746
2215 8748
2216 8758
2217 8762
2218 8766
2219 8770
2220 8776
2221 8778
2222 8780
2223 8782
2224 8786
2225 8788
2226 8790
2227 8792
2228 8798
2229 8802
2230 8804
2231 8806
2232 8812
2233 8818
2234 8820
2235 8828
2236 8830
2237 8834
2238 8840
2239 8842
2240 8850
2241 8854
2242 8858
2243 8860
2244 8862
2245 8864
2246 8870
2247 8874
2248 8878
2249 8884
2250 8886
2251 8888
2252 8890
2253 8898
2254 8900
2255 8906
2256 8912
2257 8914
2258 8916
2259 8924
2260 8932
2261 8938
2262 8946
2263 8948
2264 8950
2265 8952
2266 8956
2267 8960
2268 8966
2269 8968
2270 8976
2271 8978
2272 8984
2273 8988
2274 8990
2275 8992
2276 8994
2277 8996
2278 9004
2279 9006
2280 9008
2281 9010
2282 9012
2283 9018
2284 9020
2285 9028
2286 9030
2287 9032
2288 9034
2289 9038
2290 9040
2291 9044
2292 9054
2293 9058
2294 9062
2295 9068
2296 9070
2297 9076
2298 9080
2299 9082
2300 9086
2301 9090
2302 9092
2303 9094
2304 9108
2305 9110
2306 9112
2307 9116
2308 9124
2309 9128
2310 9130
2311 9136
2312 9138
2313 9140
2314 9142
2315 9144
2316 9160
2317 9162
2318 9164
2319 9180
2320 9186
2321 9188
2322 9190
2323 9196
2324 9198
2325 9200
2326 9204
2327 9208
2328 9210
2329 9212
2330 9218
2331 9220
2332 9224
2333 9226
2334 9232
2335 9234
2336 9238
2337 9240
2338 9246
2339 9248
2340 9252
2341 9254
2342 9256
2343 9260
2344 9268
2345 9270
2346 9272
2347 9274
2348 9278
2349 9280
2350 9284
2351 9290
2352 9292
2353 9294
2354 9298
2355 9302
2356 9304
2357 9310
2358 9320
2359 9326
2360 9328
2361 9336
2362 9340
2363 9342
2364 9346
2365 9348
2366 9350
2367 9354
2368 9358
2369 9364
2370 9366
2371 9370
2372 9374
2373 9378
2374 9380
2375 9382
2376 9388
2377 9394
2378 9396
2379 9400
2380 9402
2381 9408
2382 9410
2383 9418
2384 9422
2385 9424
2386 9426
2387 9428
2388 9430
2389 9432
2390 9434
2391 9436
2392 9440
2393 9442
2394 9452
2395 9456
2396 9460
2397 9466
2398 9470
2399 9474
2400 9480
2401 9486
2402 9490
2403 9492
2404 9496
2405 9498
2406 9504
2407 9506
2408 9508
2409 9510
2410 9514
2411 9516
2412 9520
2413 9528
2414 9530
2415 9534
2416 9536
2417 9540
2418 9542
2419 9548
2420 9560
2421 9566
2422 9570
2423 9578
2424 9580
2425 9584
2426 9590
2427 9592
2428 9598
2429 9602
2430 9606
2431 9610
2432 9612
2433 9616
2434 9626
2435 9630
2436 9632
2437 9640
2438 9642
2439 9656
2440 9660
2441 9666
2442 9668
2443 9670
2444 9676
2445 9678
2446 9680
2447 9682
2448 9688
2449 9704
2450 9706
2451 9710
2452 9712
2453 9714
2454 9716
2455 9718
2456 9724
2457 9726
2458 9730
2459 9736
2460 9738
2461 9742
2462 9750
2463 9764
2464 9768
2465 9770
2466 9780
2467 9782
2468 9786
2469 9788
2470 9790
2471 9794
2472 9796
2473 9800
2474 9804
2475 9806
2476 9810
2477 9820
2478 9824
2479 9828
2480 9830
2481 9842
2482 9846
2483 9848
2484 9850
2485 9852
2486 9856
2487 9858
2488 9860
2489 9864
2490 9866
2491 9868
2492 9872
2493 9878
2494 9886
2495 9888
2496 9890
2497 9892
2498 9896
2499 9902
2500 9904
2501 9912
2502 9916
2503 9922
2504 9924
2505 9928
2506 9930
2507 9940
2508 9954
2509 9956
2510 9958
2511 9970
2512 9976
2513 9978
2514 9982
2515 9988
2516 9990
2517 9992
2518 9994
2519 9996
2520 9998
2521 10000
